   1.6970721e-03
   4.2426750e-03
  -2.8284542e-04
  -3.9598308e-03
  -2.8284542e-04
  -5.9397365e-03
   8.4853118e-03
   9.3338313e-03
  -2.8284542e-04
  -3.2811766e-02
  -2.8284542e-04
  -1.0101851e-01
   5.6568934e-03
   2.8284542e-04
  -6.2225793e-03
   8.6287540e-02
   1.9799173e-03
   0.0000000e+00
   3.6769864e-03
   7.9196305e-03
  -7.9196305e-03
   1.1313816e-03
  -1.7818790e-02
   1.9799173e-03
   1.0465185e-02
   1.4142269e-03
  -1.6970721e-03
   1.4142269e-03
   3.6769864e-03
  -3.1112972e-03
  -4.5255191e-03
   8.4853622e-04
   5.3740501e-03
  -6.7882641e-03
  -8.4853118e-03
   1.9515715e-02
  -0.0000000e+00
  -6.7882641e-03
   8.4853118e-03
   1.5556185e-02
   1.5839013e-02
   4.8083630e-03
  -2.6023991e-02
   8.4853622e-04
  -1.1313816e-03
   1.1313816e-03
  -2.2343859e-02
  -1.6970721e-03
   7.9196305e-03
   2.8284542e-04
  -8.7681520e-03
  -7.6367894e-03
  -8.4853622e-04
   1.6970721e-03
  -6.5054218e-03
  -1.5556185e-02
   5.6569083e-04
   1.6970721e-03
  -5.6577998e-02
   1.9799173e-03
  -8.7681520e-03
  -2.8284542e-04
   0.0000000e+00
   7.9196305e-03
   2.8284542e-04
  -4.2426750e-03
  -2.8284542e-04
   4.8083630e-03
  -7.3539479e-03
   6.2225793e-03
   1.9799173e-03
   0.0000000e+00
   9.0509918e-03
  -0.0000000e+00
   1.6970721e-03
  -7.6367894e-03
  -1.1596532e-02
   7.3539479e-03
  -0.0000000e+00
