   1.9999993e-03
   1.9999993e-03
   3.8802892e-02
   3.1999973e-03
   2.3999988e-03
   3.5999961e-03
   0.0000000e+00
  -7.1999689e-03
   7.9999996e-04
  -2.1401323e-02
   7.9999996e-04
  -1.9999993e-03
  -3.5999961e-03
   2.3999988e-03
   0.0000000e+00
   2.1001328e-02
  -1.1999999e-03
  -1.5999997e-03
   0.0000000e+00
  -4.2004139e-03
   0.0000000e+00
   3.1000617e-02
  -8.3999506e-03
   0.0000000e+00
   1.5401236e-02
  -9.5999263e-03
   7.9999996e-04
   3.9999999e-04
   0.0000000e+00
  -2.3999988e-03
  -3.9999999e-04
  -1.1199883e-02
   1.5999659e-02
   0.0000000e+00
  -1.9999993e-03
   0.0000000e+00
  -1.1999999e-03
   1.9999993e-03
   9.9999167e-03
   1.5999997e-03
   5.2808852e-02
  -1.0399906e-02
  -1.5999997e-03
   0.0000000e+00
   0.0000000e+00
   1.3599790e-02
   3.5999961e-03
   3.9999947e-03
   4.7999908e-03
  -7.1999689e-03
   6.3999782e-03
   1.9999993e-03
   7.9999996e-04
   2.9400822e-02
   6.3999782e-03
   3.6003312e-02
  -7.5999634e-03
   3.9999947e-03
  -1.5999997e-03
   1.5199707e-02
  -3.9999999e-04
  -2.3999988e-03
  -8.7999432e-03
  -3.9999947e-03
   4.1602320e-02
   1.5999997e-03
   7.9999996e-04
  -1.5999659e-02
  -7.1999689e-03
  -7.9999996e-04
  -6.3999782e-03
   7.9999573e-03
   3.9999999e-04
   0.0000000e+00
