   2.6353092e+00
  -2.7749796e+00
   2.7227838e+00
  -3.0368874e+00
   2.9495441e+00
  -3.0544451e+00
   2.9148436e+00
  -3.1068013e+00
  -2.8971629e+00
  -2.8274772e+00
   2.8623587e+00
   9.7751875e-01
   2.9671358e+00
  -2.6528015e+00
  -2.9495441e+00
  -2.6180193e+00
  -2.9321793e+00
   2.8971629e+00
  -2.7576740e+00
   2.8797977e+00
  -2.8099933e+00
  -1.0298019e+00
  -2.4085244e+00
  -9.9485589e-01
   3.0892634e+00
  -9.2501832e-01
  -2.6877194e+00
   2.3735943e+00
   2.7051444e+00
  -2.7400896e+00
   3.1068013e+00
  -2.4436157e+00
   2.8099933e+00
  -2.8623587e+00
  -2.3735943e+00
   9.0768800e-01
  -3.0717187e+00
   2.9844477e+00
  -2.8797977e+00
  -2.7227838e+00
  -9.5993196e-01
  -2.9671358e+00
   2.4085244e+00
  -2.3909792e+00
   8.9010315e-01
  -2.6353092e+00
  -3.1415927e+00
   2.8449177e+00
   9.4247519e-01
  -2.7925104e+00
   9.2501832e-01
   2.7400896e+00
   2.6180193e+00
   3.0544451e+00
  -2.8449177e+00
   2.4436157e+00
  -2.9844477e+00
   2.6877194e+00
  -2.6702937e+00
   2.7925104e+00
   3.0193309e+00
   2.6528015e+00
  -9.4247519e-01
   3.0020407e+00
  -3.0892634e+00
   3.0717187e+00
   1.0298019e+00
  -1.0121917e+00
   2.8274772e+00
  -8.9010315e-01
   9.5993196e-01
  -9.0768800e-01
   2.7576740e+00
  -3.0193309e+00
  -2.7051444e+00
   2.9321793e+00
   1.0121917e+00
   3.0368874e+00
  -9.7751875e-01
   2.3909792e+00
  -3.1240567e+00
  -2.4260708e+00
  -2.9148436e+00
