   4.3644829e-01
  -3.3159935e-01
  -1.7535967e-02
   2.2339047e+00
   4.5387329e-01
  -7.5061342e-01
  -6.9797696e-01
   6.9797696e-01
  -3.4908226e-01
  -1.2226176e-01
   2.0941335e-01
   2.1991175e+00
  -2.1640739e+00
   3.4908226e-01
   4.1880883e-01
   7.6799839e-01
  -4.0150306e-01
  -1.0470526e-01
  -1.3955193e-01
   3.3159935e-01
  -7.6799839e-01
   1.7445681e-01
  -2.9667496e-01
   1.7535967e-02
   4.7129898e-01
   1.5714496e-01
  -3.6661303e-01
  -2.1117907e+00
  -5.0628349e-01
   3.4791398e-02
  -1.5714496e-01
  -1.9204854e-01
   5.2357337e-01
  -4.3644829e-01
  -6.9873920e-02
  -4.8879115e-01
   2.2674904e-01
   4.0150306e-01
   2.2165743e+00
  -2.2339047e+00
   2.1294010e+00
   2.1117907e+00
  -4.7129898e-01
  -2.1991175e+00
  -1.7445681e-01
   8.7147521e-02
   2.9667496e-01
   1.9204854e-01
  -7.1552187e-01
   2.6179500e-01
  -2.1816607e+00
  -5.2329263e-02
   2.4442974e-01
   3.6661303e-01
  -8.7147521e-02
  -4.5387329e-01
  -2.0941335e-01
   5.0628349e-01
  -5.2357337e-01
  -3.4791398e-02
  -7.3306826e-01
   2.1467368e+00
   3.1411542e-01
   6.9873920e-02
   2.7923393e-01
   2.1640739e+00
  -2.6179500e-01
   7.5061342e-01
   4.8879115e-01
  -2.1294010e+00
  -4.1880883e-01
  -2.2674904e-01
   7.1552187e-01
   1.0470526e-01
   3.8391865e-01
   2.2514895e+00
  -2.2514895e+00
   5.2329263e-02
  -3.1411542e-01
