   2.0419330e+00
   1.3263781e+00
   1.3090633e+00
   1.8498953e+00
   1.9374258e+00
   2.0072448e+00
   5.7586984e-01
   1.1693378e+00
   2.0594440e+00
   1.6930764e+00
   1.0821487e+00
   1.2741043e+00
   2.5482756e+00
   1.9025075e+00
   2.0943199e+00
   2.5830896e+00
   2.6004559e+00
   8.2036745e-01
   1.9722549e+00
   1.8850814e+00
   1.7976764e+00
   1.8152145e+00
   1.0996597e+00
   6.1076407e-01
   1.9197700e+00
   1.4485163e+00
   2.2690731e+00
   1.0646383e+00
   1.1868312e+00
   1.7279602e+00
   1.5357964e+00
   1.7454165e+00
   8.5517460e-01
   1.6406029e+00
   6.4582648e-01
   1.3614089e+00
   1.7801838e+00
   1.2041668e+00
   1.4310882e+00
   1.6580283e+00
   1.6232053e+00
   6.8053060e-01
   2.3212252e+00
   1.8325294e+00
   1.5707963e+00
   1.7626907e+00
   1.1519204e+00
   1.5009898e+00
   1.3961761e+00
   7.8538322e-01
   2.5308286e+00
   5.5850308e-01
   1.1169288e+00
   2.0769543e+00
   1.2218227e+00
   1.4136324e+00
   5.9331704e-01
   1.6057963e+00
   2.2864181e+00
   1.4835644e+00
   1.2390852e+00
   1.9896723e+00
   1.6754369e+00
   1.3789019e+00
   1.3439163e+00
   2.5657228e+00
   1.0472727e+00
   2.3038804e+00
   2.3562094e+00
   1.9547615e+00
   2.4610621e+00
   1.7105045e+00
   6.6317847e-01
   2.0246638e+00
   1.8674884e+00
   1.2916973e+00
   8.0287578e-01
   2.5132970e+00
   2.4957662e+00
   1.5533950e+00
   1.2565113e+00
   1.4661558e+00
   2.4784142e+00
   6.2829568e-01
   8.7251960e-01
   1.5881976e+00
   2.3387169e+00
   8.3771223e-01
   1.1343478e+00
   5.4113671e-01
   1.5183874e+00
