  -3.1370671e+00
  -3.1243395e+00
   3.1415927e+00
  -3.1415927e+00
   3.1410270e+00
  -3.1415927e+00
   3.1415927e+00
  -3.1257536e+00
   3.1407441e+00
  -3.0802084e+00
   3.0756762e+00
  -3.1415927e+00
   3.1415927e+00
  -3.1277334e+00
   3.1263193e+00
   3.1353701e+00
   3.1401784e+00
   3.1288648e+00
  -3.1379157e+00
  -3.1342387e+00
   3.1175520e+00
   3.1319760e+00
  -3.1316931e+00
   3.0926563e+00
   3.1404613e+00
   3.1356529e+00
  -3.1401784e+00
   3.1237739e+00
   3.1404613e+00
  -3.1090637e+00
  -3.1381985e+00
   3.1390470e+00
   3.0909598e+00
   3.1410270e+00
   3.1415927e+00
  -3.1084981e+00
  -3.1415927e+00
   3.1396127e+00
   3.1396127e+00
  -3.1415927e+00
  -3.1217941e+00
   3.1410270e+00
  -3.1348044e+00
  -3.1413098e+00
   3.1415927e+00
   3.1339559e+00
  -3.1348044e+00
   3.1158515e+00
  -3.1381985e+00
  -3.1410270e+00
   3.1291476e+00
   3.1381985e+00
   3.1073669e+00
  -3.1413098e+00
  -3.1339559e+00
  -3.1246223e+00
   3.1365014e+00
   3.1379157e+00
  -3.1297133e+00
   3.1365014e+00
   3.1398956e+00
  -3.0663381e+00
   3.1398956e+00
   3.1226426e+00
  -3.1415927e+00
  -3.1345215e+00
  -3.1407441e+00
  -3.1362186e+00
  -3.1365014e+00
   3.1311275e+00
   3.1353701e+00
   3.0833183e+00
   3.1379157e+00
  -3.1390470e+00
   3.1404613e+00
  -3.0909598e+00
  -3.1413098e+00
  -3.1396127e+00
  -3.1404613e+00
  -3.1410270e+00
   3.0601091e+00
   3.1373500e+00
  -3.1387642e+00
  -3.1282991e+00
  -3.1407441e+00
   3.1415927e+00
   3.1384814e+00
  -3.1410270e+00
   3.1379157e+00
