   3.0929876e+00
   3.1411927e+00
   3.1415927e+00
   3.1415927e+00
   3.1355927e+00
   3.1271929e+00
  -3.1349920e+00
   3.1415927e+00
  -3.1335927e+00
  -3.1399927e+00
  -3.1411927e+00
  -3.1407927e+00
  -3.1319927e+00
  -3.1391927e+00
  -3.0979908e+00
  -3.1295928e+00
   3.0701730e+00
   3.1395927e+00
   3.1233913e+00
   3.1415927e+00
   3.1415927e+00
   3.1411927e+00
  -3.1319927e+00
   3.1375927e+00
   3.1411927e+00
  -3.1399927e+00
   3.1411927e+00
  -3.1351927e+00
   3.1315927e+00
   3.1403927e+00
   3.1407927e+00
   3.1359927e+00
  -3.1229913e+00
  -3.1403927e+00
  -3.0937874e+00
  -3.1411927e+00
   3.1411927e+00
   3.1411927e+00
  -3.1343927e+00
  -3.1367927e+00
  -3.1395927e+00
   3.1293916e+00
  -3.1395927e+00
  -3.1407927e+00
   3.1415927e+00
  -3.1407927e+00
  -3.1411927e+00
  -3.1371927e+00
  -3.1315927e+00
  -3.1383927e+00
   3.1283928e+00
   3.1239931e+00
  -3.0985864e+00
   3.1399927e+00
  -3.1391927e+00
  -3.1371927e+00
  -3.0657759e+00
  -3.1403927e+00
   3.1223932e+00
   3.1381923e+00
   3.1403927e+00
  -3.1289916e+00
   3.1415927e+00
  -3.1399927e+00
   3.1415927e+00
  -3.1285915e+00
  -3.1157915e+00
   3.1351927e+00
  -3.1121918e+00
   3.1243931e+00
  -3.1093922e+00
  -3.1387927e+00
   3.1189914e+00
   3.1157915e+00
   3.1323927e+00
   3.1415927e+00
  -3.1399927e+00
  -3.1295928e+00
   3.1415927e+00
  -3.1407927e+00
   3.1415927e+00
   3.1415927e+00
   3.1343927e+00
  -3.1059893e+00
   3.1287928e+00
  -3.1411927e+00
   3.1315927e+00
   3.1347927e+00
  -3.1277915e+00
  -3.1399927e+00
   3.1411927e+00
