2160 4
1 0 0 0
0.87758 0 0 0.47943
0.5403 0 0 0.84147
0.070737 0 0 0.99749
-0.41615 -0 0 0.9093
-0.80114 -0 0 0.59847
-0.98999 -0 0 0.14112
-0.93646 0 -0 -0.35078
-0.65364 0 -0 -0.7568
-0.2108 0 -0 -0.97753
0.28366 0 0 -0.95892
0.70867 0 0 -0.70554
0.96017 0 0 -0.27942
0.97659 0 0 0.21512
0.7539 0 0 0.65699
0.34664 0 0 0.938
-0.1455 -0 0 0.98936
-0.60201 -0 0 0.79849
-0.91113 -0 0 0.41212
-0.99717 0 -0 -0.075151
-0.83907 0 -0 -0.54402
-0.47554 0 -0 -0.8797
0.0044257 0 0 -0.99999
0.4833 0 0 -0.87545
0.84385 0 0 -0.53657
0.9978 0 0 -0.066322
0.90745 0 0 0.42017
0.59492 0 0 0.80378
0.13674 0 0 0.99061
-0.35492 -0 0 0.9349
-0.75969 -0 0 0.65029
-0.97845 -0 0 0.20647
-0.95766 0 -0 -0.2879
-0.7024 0 -0 -0.71179
-0.27516 0 -0 -0.9614
0.21944 0 0 -0.97563
0.66032 0 0 -0.75099
0.93952 0 0 -0.34248
0.9887 0 0 0.14988
0.79581 0 0 0.60554
0.40808 0 0 0.91295
-0.079564 -0 0 0.99683
-0.54773 -0 0 0.83666
-0.88179 -0 0 0.47164
-0.99996 0 -0 -0.0088513
-0.8733 0 -0 -0.48717
-0.53283 0 -0 -0.84622
-0.061905 0 -0 -0.99808
0.42418 0 0 -0.90558
0.80641 0 0 -0.59136
0.9912 0 0 -0.13235
0.93332 0 0 0.35906
0.64692 0 0 0.76256
0.20214 0 0 0.97936
-0.29214 -0 0 0.95638
-0.71489 -0 0 0.69924
-0.96261 -0 0 0.27091
-0.97465 0 -0 -0.22376
-0.74806 0 -0 -0.66363
-0.33832 0 -0 -0.94103
0.15425 0 0 -0.98803
0.60906 0 0 -0.79313
0.91474 0 0 -0.40404
0.99647 0 0 0.083974
0.83422 0 0 0.55143
0.46773 0 0 0.88387
-0.013277 -0 0 0.99991
-0.49103 -0 0 0.87114
-0.84857 -0 0 0.52908
-0.99835 -0 0 0.057487
-0.90369 0 -0 -0.42818
-0.58778 0 -0 -0.80902
-0.12796 0 -0 -0.99178
0.36319 0 0 -0.93172
0.76541 0 0 -0.64354
0.98024 0 0 -0.1978
0.95507 0 0 0.29637
0.69607 0 0 0.71797
0.26664 0 0 0.9638
-0.22807 -0 0 0.97365
-0.66694 -0 0 0.74511
-0.94252 -0 0 0.33415
-0.98734 0 -0 -0.15862
-0.79042 0 -0 -0.61256
-0.39999 0 -0 -0.91652
0.088384 0 0 -0.99609
0.55511 0 0 -0.83177
0.88593 0 0 -0.46382
0.99984 0 0 0.017702
0.86896 0 0 0.49489
0.52532 0 0 0.8509
0.053069 0 0 0.99859
-0.43218 -0 0 0.90179
-0.81161 -0 0 0.5842
-0.99234 -0 0 0.12357
-0.9301 0 -0 -0.36731
-0.64014 0 -0 -0.76825
-0.19346 0 -0 -0.98111
0.30059 0 0 -0.95375
0.72105 0 0 -0.69288
0.96497 0 0 -0.26237
0.97263 0 0 0.23237
0.74215 0 0 0.67023
0.32998 0 0 0.94399
-0.16299 -0 0 0.98663
-0.61605 -0 0 0.78771
-0.91828 -0 0 0.39593
-0.99569 0 -0 -0.092791
-0.82931 0 -0 -0.55879
-0.45989 0 -0 -0.88798
0.022127 0 0 -0.99976
0.49873 0 0 -0.86676
0.85322 0 0 -0.52155
0.99882 0 0 -0.048649
0.89987 0 0 0.43616
0.5806 0 0 0.81419
0.11918 0 0 0.99287
-0.37142 -0 0 0.92847
-0.77108 -0 0 0.63674
-0.98196 -0 0 0.18911
-0.95241 0 -0 -0.30481
-0.68969 0 -0 -0.72411
-0.2581 0 -0 -0.96612
0.23668 0 0 -0.97159
0.67351 0 0 -0.73918
0.94544 0 0 -0.3258
0.9859 0 0 0.16736
0.78497 0 0 0.61953
0.39186 0 0 0.92003
-0.097197 -0 0 0.99527
-0.56245 -0 0 0.82683
-0.89 -0 0 0.45596
-0.99965 0 -0 -0.026551
-0.86454 0 -0 -0.50256
-0.51777 0 -0 -0.85552
-0.044228 0 -0 -0.99902
0.44014 0 0 -0.89793
0.81675 0 0 -0.57699
0.99339 0 0 -0.11478
0.92681 0 0 0.37552
0.63332 0 0 0.77389
0.18477 0 0 0.98278
-0.30902 -0 0 0.95105
-0.72715 -0 0 0.68648
-0.96725 -0 0 0.25382
-0.97053 0 -0 -0.24097
-0.73619 0 -0 -0.67677
-0.32161 0 -0 -0.94687
0.17172 0 0 -0.98515
0.623 0 0 -0.78222
0.92175 0 0 -0.38778
0.99483 0 0 0.1016
0.82433 0 0 0.56611
0.45201 0 0 0.89201
-0.030975 -0 0 0.99952
-0.50638 -0 0 0.86231
-0.8578 -0 0 0.51398
-0.99921 -0 0 0.039806
-0.89597 0 -0 -0.44411
-0.57337 0 -0 -0.8193
-0.11039 0 -0 -0.99389
0.37962 0 0 -0.92514
0.77669 0 0 -0.62989
0.98359 0 0 -0.18042
0.94968 0 0 0.31323
0.68325 0 0 0.73018
0.24954 0 0 0.96836
-0.24527 -0 0 0.96946
-0.68002 -0 0 0.73319
-0.94829 -0 0 0.31741
-0.98438 0 -0 -0.17608
-0.77946 0 -0 -0.62646
-0.3837 0 -0 -0.92346
0.106 0 0 -0.99437
0.56975 0 0 -0.82182
0.894 0 0 -0.44806
0.99937 0 0 0.035398
0.86006 0 0 0.51019
0.51018 0 0 0.86007
0.035383 0 0 0.99937
-0.44807 -0 0 0.894
-0.82183 -0 0 0.56974
-0.99437 -0 0 0.10599
-0.92345 0 -0 -0.38371
-0.62644 0 -0 -0.77947
-0.17606 0 -0 -0.98438
0.31743 0 0 -0.94828
0.7332 0 0 -0.68001
0.96946 0 0 -0.24525
0.96836 0 0 0.24955
0.73017 0 0 0.68326
0.31321 0 0 0.94968
-0.18043 -0 0 0.98359
-0.6299 -0 0 0.77668
-0.92515 -0 0 0.37961
-0.99389 0 -0 -0.1104
-0.81929 0 -0 -0.57338
-0.4441 0 -0 -0.89598
0.039821 0 0 -0.99921
0.51399 0 0 -0.8578
0.86232 0 0 -0.50637
0.99952 0 0 -0.03096
0.892 0 0 0.45203
0.5661 0 0 0.82434
0.10159 0 0 0.99483
-0.3878 -0 0 0.92175
-0.78223 -0 0 0.62299
-0.98515 -0 0 0.1717
-0.94687 0 -0 -0.32162
-0.67676 0 -0 -0.7362
-0.24096 0 -0 -0.97054
0.25384 0 0 -0.96725
0.68649 0 0 -0.72714
0.95106 0 0 -0.30901
0.98278 0 0 0.18478
0.77388 0 0 0.63333
0.37551 0 0 0.92682
-0.1148 -0 0 0.99339
-0.577 -0 0 0.81674
-0.89793 -0 0 0.44013
-0.99902 0 -0 -0.044243
-0.85551 0 -0 -0.51778
-0.50254 0 -0 -0.86455
-0.026536 0 -0 -0.99965
0.45597 0 0 -0.89
0.82684 0 0 -0.56244
0.99527 0 0 -0.097182
0.92002 0 0 0.39187
0.61952 0 0 0.78498
0.16734 0 0 0.9859
-0.32581 -0 0 0.94544
-0.73919 -0 0 0.6735
-0.97159 -0 0 0.23666
-0.96611 0 -0 -0.25812
-0.7241 0 -0 -0.6897
-0.3048 0 -0 -0.95242
0.18913 0 0 -0.98195
0.63675 0 0 -0.77107
0.92847 0 0 -0.3714
0.99287 0 0 0.1192
0.81418 0 0 0.58061
0.43615 0 0 0.89987
-0.048664 -0 0 0.99882
-0.52156 -0 0 0.85321
-0.86677 -0 0 0.49871
-0.99976 -0 0 0.022112
-0.88797 0 -0 -0.4599
-0.55878 0 -0 -0.82932
-0.092776 0 -0 -0.99569
0.39594 0 0 -0.91828
0.78771 0 0 -0.61604
0.98663 0 0 -0.16298
0.94398 0 0 0.32999
0.67022 0 0 0.74216
0.23236 0 0 0.97263
-0.26239 -0 0 0.96496
-0.6929 -0 0 0.72104
-0.95376 -0 0 0.30058
-0.98111 0 -0 -0.19347
-0.76825 0 -0 -0.64016
-0.36729 0 -0 -0.93011
0.12359 0 0 -0.99233
0.58421 0 0 -0.8116
0.90179 0 0 -0.43216
0.99859 0 0 0.053084
0.8509 0 0 0.52533
0.49487 0 0 0.86897
0.017687 0 0 0.99984
-0.46383 -0 0 0.88592
-0.83178 -0 0 0.5551
-0.99609 -0 0 0.088369
-0.91652 0 -0 -0.4
-0.61255 0 -0 -0.79043
-0.15861 0 -0 -0.98734
0.33417 0 0 -0.94251
0.74512 0 0 -0.66693
0.97365 0 0 -0.22805
0.96379 0 0 0.26666
0.71796 0 0 0.69608
0.29635 0 0 0.95508
-0.19781 -0 0 0.98024
-0.64355 -0 0 0.7654
-0.93172 -0 0 0.36317
-0.99178 0 -0 -0.12798
-0.80901 0 -0 -0.5878
-0.42817 0 -0 -0.9037
0.057503 0 0 -0.99835
0.5291 0 0 -0.84856
0.87115 0 0 -0.49102
0.99991 0 0 -0.013262
0.88386 0 0 0.46775
0.55141 0 0 0.83423
0.083959 0 0 0.99647
-0.40405 -0 0 0.91474
-0.79314 -0 0 0.60904
-0.98803 -0 0 0.15424
-0.94103 0 -0 -0.33833
-0.66362 0 -0 -0.74807
-0.22374 0 -0 -0.97465
0.27092 0 0 -0.9626
0.69925 0 0 -0.71488
0.95638 0 0 -0.29212
0.97935 0 0 0.20215
0.76255 0 0 0.64693
0.35904 0 0 0.93332
-0.13237 -0 0 0.9912
-0.59137 -0 0 0.8064
-0.90558 -0 0 0.42417
-0.99808 0 -0 -0.06192
-0.84621 0 -0 -0.53285
-0.48716 0 -0 -0.87331
-0.0088362 0 -0 -0.99996
0.47165 0 0 -0.88178
0.83666 0 0 -0.54772
0.99683 0 0 -0.079549
0.91294 0 0 0.4081
0.60553 0 0 0.79582
0.14986 0 0 0.98871
-0.34249 -0 0 0.93952
-0.751 -0 0 0.66031
-0.97563 -0 0 0.21943
-0.96139 0 -0 -0.27518
-0.71177 0 -0 -0.70241
-0.28789 0 -0 -0.95766
0.20648 0 0 -0.97845
0.6503 0 0 -0.75968
0.9349 0 0 -0.35491
0.99061 0 0 0.13675
0.80378 0 0 0.59493
0.42015 0 0 0.90745
-0.066337 -0 0 0.9978
-0.53659 -0 0 0.84385
-0.87546 -0 0 0.48329
-0.99999 -0 0 0.0044106
-0.87969 0 -0 -0.47555
-0.54401 0 -0 -0.83908
-0.075136 0 -0 -0.99717
0.41213 0 0 -0.91112
0.7985 0 0 -0.602
0.98936 0 0 -0.14549
0.93799 0 0 0.34665
0.65698 0 0 0.75391
0.21511 0 0 0.97659
-0.27943 -0 0 0.96017
-0.70555 -0 0 0.70866
-0.95893 -0 0 0.28365
-0.97753 0 -0 -0.21081
-0.75679 0 -0 -0.65366
-0.35077 0 -0 -0.93646
0.14113 0 0 -0.98999
0.59848 0 0 -0.80113
0.9093 0 0 -0.41613
0.99749 0 0 0.070752
0.84146 0 0 0.54031
0.47941 0 0 0.87759
-1.5072e-05 -0 0 1
-0.47944 -0 0 0.87758
-0.84148 -0 0 0.54029
-0.9975 -0 0 0.070722
-0.90929 0 -0 -0.41616
0.52532 0 0.8509 0
0.46101 0.25185 0.74674 -0.40794
0.28383 0.44204 0.45975 -0.71601
0.03716 0.52401 0.060191 -0.84877
-0.21861 0.47767 -0.3541 -0.77372
-0.42086 0.31439 -0.6817 -0.50924
-0.52006 0.074133 -0.84239 -0.12008
-0.49194 -0.18427 -0.79683 0.29848
-0.34337 -0.39756 -0.55619 0.64397
-0.11074 -0.51352 -0.17937 0.83178
0.14901 -0.50374 0.24137 0.81595
0.37228 -0.37064 0.60301 0.60035
0.5044 -0.14678 0.81701 0.23776
0.51302 0.11301 0.83098 -0.18305
0.39604 0.34513 0.6415 -0.55903
0.1821 0.49275 0.29495 -0.79815
-0.076434 0.51973 -0.12381 -0.84185
-0.31625 0.41946 -0.51225 -0.67944
-0.47864 0.21649 -0.77528 -0.35067
-0.52384 -0.039479 -0.8485 0.063946
-0.44078 -0.28579 -0.71397 0.46291
-0.24981 -0.46212 -0.40464 0.74854
0.0023249 -0.52532 0.0037658 0.8509
0.25389 -0.45989 0.41125 0.74493
0.4433 -0.28187 0.71804 0.45657
0.52417 -0.03484 0.84903 0.056434
0.4767 0.22072 0.77215 -0.35752
0.31252 0.42225 0.50622 -0.68394
0.071831 0.52039 0.11635 -0.84291
-0.18645 0.49112 -0.30201 -0.79551
-0.39908 0.34161 -0.64642 -0.55333
-0.514 0.10846 -0.83257 -0.17568
-0.50308 -0.15124 -0.81488 0.24498
-0.36898 -0.37392 -0.59767 0.60566
-0.14455 -0.50504 -0.23414 0.81806
0.11528 -0.51252 0.18672 0.83016
0.34688 -0.39451 0.56187 0.63902
0.49355 -0.17991 0.79945 0.29142
0.51939 0.078734 0.84129 -0.12753
0.41806 0.3181 0.67716 -0.51526
0.21437 0.47959 0.34724 -0.77683
-0.041796 0.52366 -0.067701 -0.84821
-0.28773 0.43951 -0.46606 -0.71191
-0.46322 0.24776 -0.75032 -0.40132
-0.5253 -0.0046498 -0.85087 0.0075316
-0.45877 -0.25592 -0.7431 0.41454
-0.27991 -0.44454 -0.45339 0.72005
-0.03252 -0.52431 -0.052675 0.84927
0.22283 -0.47572 0.36094 0.77056
0.42362 -0.31065 0.68618 0.50319
0.5207 -0.069527 0.84342 0.11262
0.49029 0.18862 0.79416 -0.30552
0.33984 0.40059 0.55047 -0.64886
0.10619 0.51448 0.172 -0.83334
-0.15347 0.50241 -0.24858 -0.81378
-0.37555 0.36733 -0.6083 -0.59499
-0.50568 0.14231 -0.81908 -0.23051
-0.512 -0.11754 -0.82933 0.19039
-0.39297 -0.34862 -0.63652 0.56469
-0.17773 -0.49434 -0.28788 0.80073
0.081032 -0.51903 0.13125 0.84072
0.31995 -0.41665 0.51825 0.67487
0.48053 -0.21225 0.77836 0.3438
0.52347 0.044114 0.8479 -0.071454
0.43824 0.28968 0.70984 -0.46921
0.24571 0.46432 0.39799 -0.75209
-0.0069746 0.52528 -0.011297 -0.85083
-0.25795 0.45763 -0.41782 -0.74126
-0.44577 0.27794 -0.72205 -0.4502
-0.52445 0.030199 -0.8495 -0.048916
-0.47473 -0.22493 -0.76895 0.36434
-0.30878 -0.425 -0.50015 0.6884
-0.067222 -0.521 -0.10888 0.84391
0.19079 -0.48945 0.30904 0.7928
0.40209 -0.33806 0.65129 0.54759
0.51494 -0.10391 0.83409 0.16831
0.50172 0.15569 0.81268 -0.25218
0.36566 0.37717 0.59229 -0.61093
0.14007 0.5063 0.22689 -0.8201
-0.11981 0.51148 -0.19406 -0.82848
-0.35036 0.39142 -0.5675 -0.63402
-0.49513 0.17554 -0.80199 -0.28433
-0.51867 -0.083328 -0.84013 0.13497
-0.41523 -0.32179 -0.67257 0.52123
-0.21012 -0.48147 -0.34035 0.77987
0.04643 -0.52327 0.075206 0.84757
0.29161 -0.43695 0.47235 0.70776
0.4654 -0.24365 0.75384 0.39466
0.52524 0.0092992 0.85077 -0.015063
0.45648 0.25997 0.7394 -0.4211
0.27596 0.447 0.447 -0.72404
0.027878 0.52458 0.045156 -0.8497
-0.22703 0.47373 -0.36774 -0.76733
-0.42636 0.30689 -0.6906 -0.49709
-0.5213 0.064916 -0.84438 -0.10515
-0.4886 -0.19295 -0.79143 0.31254
-0.33628 -0.40358 -0.5447 0.65371
-0.10163 -0.5154 -0.16461 0.83483
0.15791 -0.50103 0.25578 0.81155
0.37878 -0.36399 0.61354 0.58958
0.50692 -0.13783 0.82109 0.22326
0.51094 0.12207 0.82761 -0.19773
0.38987 0.35209 0.6315 -0.5703
0.17334 0.4959 0.28078 -0.80324
-0.085623 0.5183 -0.13869 -0.83952
-0.32363 0.4138 -0.5242 -0.67026
-0.48239 0.20799 -0.78137 -0.33689
-0.52306 -0.048745 -0.84723 0.078956
-0.43565 -0.29354 -0.70566 0.47548
-0.24159 -0.46647 -0.39132 0.75558
0.011624 -0.52519 0.018828 0.8507
0.26199 -0.45533 0.42437 0.73753
0.44822 -0.27398 0.72601 0.44379
0.5247 -0.025556 0.8499 0.041395
0.47272 0.22913 0.7657 -0.37113
0.305 0.42771 0.49403 -0.6928
0.062608 0.52158 0.10141 -0.84484
-0.19511 0.48774 -0.31604 -0.79003
-0.40507 0.33449 -0.65611 -0.5418
-0.51584 0.099346 -0.83555 -0.16092
-0.50032 -0.16012 -0.81041 0.25936
-0.36231 -0.38039 -0.58686 0.61615
-0.13559 -0.50752 -0.21962 0.82207
0.12433 -0.5104 0.20139 0.82673
0.35381 -0.38831 0.57309 0.62897
0.49666 -0.17115 0.80448 0.27722
0.51791 0.087916 0.8389 -0.1424
0.41236 0.32545 0.66793 -0.52716
0.20585 0.48331 0.33343 -0.78285
-0.05106 0.52283 -0.082705 -0.84687
-0.29547 0.43435 -0.47859 -0.70355
-0.46754 0.23952 -0.75731 -0.38797
-0.52514 -0.013948 -0.8506 0.022592
-0.45416 -0.264 -0.73564 0.42763
-0.272 -0.44942 -0.44057 0.72796
-0.023234 -0.52481 -0.037633 0.85007
0.23122 -0.4717 0.37452 0.76405
0.42906 -0.30311 0.69498 0.49096
0.52185 -0.060299 0.84528 0.097671
0.48688 0.19727 0.78863 -0.31953
0.3327 0.40654 0.53889 -0.65851
0.097062 0.51628 0.15722 -0.83625
-0.16234 0.49961 -0.26295 -0.80926
-0.38199 0.36062 -0.61874 -0.58412
-0.50812 0.13334 -0.82304 -0.21598
-0.50984 -0.12659 -0.82583 0.20505
-0.38674 -0.35552 -0.62643 0.57587
-0.16895 -0.49741 -0.27366 0.8057
0.090207 -0.51752 0.14611 0.83826
0.32728 -0.41092 0.53011 0.6656
0.48422 -0.20371 0.78432 0.32996
0.5226 0.053373 0.8465 -0.086452
0.43304 0.29739 0.70143 -0.4817
0.23745 0.46859 0.38462 -0.75902
-0.016272 0.52507 -0.026357 -0.8505
-0.26601 0.45299 -0.43088 -0.73374
-0.45062 0.27 -0.72991 -0.43735
-0.52491 0.020911 -0.85023 -0.033871
-0.47067 -0.2333 -0.76238 0.3779
-0.3012 -0.43039 -0.48788 0.69714
-0.057989 -0.52211 -0.093929 0.8457
0.19942 -0.486 0.32302 0.78721
0.40801 -0.33089 0.66088 0.53597
0.5167 -0.094776 0.83694 0.15352
0.49889 0.16455 0.80808 -0.26653
0.35893 0.38358 0.58138 -0.62132
0.13109 0.5087 0.21233 -0.82398
-0.12884 0.50928 -0.2087 -0.82491
-0.35723 0.38516 -0.57863 -0.62387
-0.49816 0.16674 -0.8069 -0.27009
-0.51711 -0.092496 -0.83761 0.14982
-0.40947 -0.32909 -0.66324 0.53305
-0.20157 -0.48511 -0.32649 0.78577
0.055685 -0.52236 0.090198 0.84611
0.2993 -0.43172 0.4848 0.69929
0.46964 -0.23538 0.76071 0.38126
0.52499 0.018596 0.85037 -0.030121
0.45181 0.26801 0.73183 -0.43412
0.26801 0.45181 0.43411 -0.73184
0.018588 0.52499 0.030108 -0.85037
-0.23538 0.46964 -0.38127 -0.7607
-0.43172 0.2993 -0.6993 -0.48479
-0.52236 0.055678 -0.84611 -0.090185
-0.48511 -0.20157 -0.78577 0.3265
-0.32909 -0.40947 -0.53304 0.66325
-0.092489 -0.51712 -0.14981 0.83761
0.16675 -0.49815 0.2701 0.8069
0.38517 -0.35723 0.62388 0.57862
0.50928 -0.12884 0.82492 0.20869
0.5087 0.1311 0.82398 -0.21235
0.38358 0.35893 0.62131 -0.58139
0.16454 0.49889 0.26652 -0.80809
-0.094784 0.5167 -0.15353 -0.83694
-0.3309 0.40801 -0.53598 -0.66088
-0.486 0.19942 -0.78721 -0.32301
-0.52211 -0.057997 -0.8457 0.093942
-0.43039 -0.30121 -0.69714 0.48789
-0.2333 -0.47068 -0.37789 0.76239
0.020919 -0.52491 0.033884 0.85023
0.27001 -0.45062 0.43736 0.7299
0.453 -0.26601 0.73375 0.43087
0.52507 -0.016264 0.8505 0.026344
0.46859 0.23746 0.75901 -0.38463
0.29738 0.43304 0.48169 -0.70143
0.053365 0.5226 0.08644 -0.8465
-0.20372 0.48421 -0.32998 -0.78432
-0.41092 0.32727 -0.6656 -0.5301
-0.51752 0.090199 -0.83827 -0.1461
-0.49741 -0.16896 -0.80569 0.27367
-0.35552 -0.38674 -0.57586 0.62644
-0.12658 -0.50984 -0.20503 0.82583
0.13335 -0.50812 0.21599 0.82303
0.36063 -0.38198 0.58413 0.61873
0.49961 -0.16233 0.80926 0.26294
0.51628 0.09707 0.83625 -0.15723
0.40654 0.3327 0.6585 -0.5389
0.19726 0.48688 0.31952 -0.78863
-0.060307 0.52185 -0.097684 -0.84528
-0.30311 0.42905 -0.49097 -0.69497
-0.4717 0.23121 -0.76406 -0.37451
-0.52481 -0.023242 -0.85007 0.037646
-0.44942 -0.272 -0.72796 0.44058
-0.264 -0.45417 -0.42762 0.73565
-0.01394 -0.52514 -0.02258 0.8506
0.23953 -0.46753 0.38799 0.7573
0.43436 -0.29546 0.70356 0.47858
0.52284 -0.051052 0.84688 0.082692
0.48331 0.20586 0.78285 -0.33344
0.32545 0.41237 0.52715 -0.66794
0.087908 0.51791 0.14239 -0.83891
-0.17116 0.49666 -0.27723 -0.80447
-0.38831 0.3538 -0.62898 -0.57308
-0.5104 0.12432 -0.82673 -0.20138
-0.50752 -0.13559 -0.82207 0.21963
-0.38038 -0.36231 -0.61614 0.58687
-0.16012 -0.50033 -0.25935 0.81042
0.099354 -0.51584 0.16093 0.83555
0.3345 -0.40506 0.54181 0.65611
0.48775 -0.19511 0.79004 0.31603
0.52158 0.062616 0.84484 -0.10142
0.42771 0.30501 0.69279 -0.49404
0.22912 0.47272 0.37112 -0.76571
-0.025564 0.5247 -0.041408 -0.8499
-0.27399 0.44821 -0.4438 -0.726
-0.45533 0.26198 -0.73754 -0.42436
-0.52519 0.011616 -0.8507 -0.018815
-0.46647 -0.2416 -0.75558 0.39133
-0.29354 -0.43566 -0.47546 0.70567
-0.048737 -0.52306 -0.078944 0.84723
0.208 -0.48239 0.33691 0.78136
0.4138 -0.32362 0.67027 0.52419
0.5183 -0.085615 0.83953 0.13868
0.4959 0.17335 0.80324 -0.28079
0.35208 0.38988 0.57029 -0.63151
0.12206 0.51094 0.19772 -0.82761
-0.13784 0.50692 -0.22327 -0.82109
-0.36399 0.37878 -0.58959 -0.61353
-0.50103 0.1579 -0.81156 -0.25576
-0.5154 -0.10164 -0.83483 0.16463
-0.40358 -0.33629 -0.6537 0.54471
-0.19295 -0.48861 -0.31253 0.79143
0.064924 -0.52129 0.10516 0.84438
0.3069 -0.42635 0.49711 0.6906
0.47373 -0.22703 0.76734 0.36773
0.52458 0.027886 0.8497 -0.045169
0.44699 0.27597 0.72403 -0.44701
0.25997 0.45649 0.42109 -0.73941
0.0092913 0.52524 0.01505 -0.85077
-0.24366 0.4654 -0.39467 -0.75384
-0.43695 0.29161 -0.70777 -0.47234
-0.52327 0.046422 -0.84757 -0.075193
-0.48147 -0.21013 -0.77987 0.34036
-0.32179 -0.41523 -0.52122 0.67258
-0.08332 -0.51867 -0.13496 0.84013
0.17554 -0.49512 0.28434 0.80199
0.39143 -0.35035 0.63403 0.56749
0.51148 -0.1198 0.82848 0.19405
0.5063 0.14008 0.82009 -0.2269
0.37716 0.36567 0.61092 -0.5923
0.15568 0.50172 0.25217 -0.81268
-0.10392 0.51494 -0.16832 -0.83409
-0.33807 0.40208 -0.5476 -0.65129
-0.48945 0.19078 -0.79281 -0.30902
-0.521 -0.06723 -0.84391 0.1089
-0.42499 -0.30878 -0.68839 0.50016
-0.22493 -0.47473 -0.36433 0.76896
0.030207 -0.52445 0.048929 0.8495
0.27795 -0.44577 0.45021 0.72204
0.45763 -0.25794 0.74126 0.41781
0.52528 -0.0069667 0.85083 0.011284
0.46431 0.24572 0.75208 -0.39801
0.28967 0.43824 0.4692 -0.70985
0.044106 0.52347 0.071441 -0.8479
-0.21226 0.48053 -0.34381 -0.77835
-0.41665 0.31994 -0.67488 -0.51824
-0.51904 0.081024 -0.84072 -0.13124
-0.49434 -0.17773 -0.80072 0.28789
-0.34862 -0.39298 -0.56468 0.63653
-0.11754 -0.512 -0.19038 0.82933
0.14232 -0.50568 0.23053 0.81908
0.36733 -0.37554 0.59499 0.60829
0.50241 -0.15346 0.81379 0.24857
0.51448 0.10619 0.83334 -0.17201
0.40058 0.33985 0.64886 -0.55048
0.18861 0.49029 0.30551 -0.79417
-0.069535 0.5207 -0.11263 -0.84342
-0.31066 0.42362 -0.5032 -0.68617
-0.47572 0.22282 -0.77057 -0.36092
-0.52431 -0.032528 -0.84927 0.052688
-0.44453 -0.27992 -0.72005 0.4534
-0.25592 -0.45877 -0.41453 0.7431
-0.0046419 -0.5253 -0.0075188 0.85087
0.24777 -0.46322 0.40133 0.75031
0.43952 -0.28773 0.71192 0.46605
0.52366 -0.041789 0.84821 0.067688
0.47959 0.21438 0.77682 -0.34725
0.3181 0.41806 0.51525 -0.67717
0.078726 0.51939 0.12752 -0.84129
-0.17992 0.49355 -0.29143 -0.79944
-0.39452 0.34687 -0.63903 -0.56186
-0.51252 0.11527 -0.83017 -0.18671
-0.50504 -0.14456 -0.81805 0.23415
-0.37391 -0.36899 -0.60565 0.59768
-0.15123 -0.50308 -0.24497 0.81488
0.10847 -0.514 0.1757 0.83257
0.34162 -0.39908 0.55334 0.64641
0.49112 -0.18644 0.79551 0.30199
0.52039 0.071839 0.84291 -0.11636
0.42224 0.31253 0.68394 -0.50623
0.22072 0.47671 0.35751 -0.77216
-0.034848 0.52416 -0.056446 -0.84903
-0.28188 0.44329 -0.45658 -0.71803
-0.4599 0.25388 -0.74493 -0.41123
-0.52532 0.002317 -0.8509 -0.003753
-0.46212 -0.24982 -0.74853 0.40465
-0.28578 -0.44079 -0.4629 0.71398
-0.039471 -0.52384 -0.063934 0.8485
0.2165 -0.47863 0.35068 0.77528
0.41947 -0.31624 0.67944 0.51224
0.51973 -0.076427 0.84185 0.12379
0.49275 0.1821 0.79814 -0.29497
0.34512 0.39605 0.55902 -0.64151
0.113 0.51302 0.18303 -0.83098
-0.14679 0.5044 -0.23777 -0.81701
-0.37064 0.37227 -0.60036 -0.603
-0.50375 0.14901 -0.81596 -0.24136
-0.51352 -0.11074 -0.83178 0.17938
-0.39756 -0.34338 -0.64396 0.5562
-0.18427 -0.49194 -0.29847 0.79684
0.074141 -0.52006 0.12009 0.84239
0.3144 -0.42085 0.50925 0.68169
0.47768 -0.2186 0.77373 0.35409
0.52401 0.037168 0.84877 -0.060203
0.44204 0.28384 0.716 -0.45976
0.25185 0.46102 0.40793 -0.74674
-7.9177e-06 0.52532 -1.2825e-05 -0.8509
-0.25186 0.46101 -0.40796 -0.74673
-0.44205 0.28383 -0.71602 -0.45973
-0.52401 0.037152 -0.84877 -0.060178
-0.47767 -0.21862 -0.77372 0.35411
0.52532 0 -0.8509 0
0.46101 0.25185 -0.74674 0.40794
0.28383 0.44204 -0.45975 0.71601
0.03716 0.52401 -0.060191 0.84877
-0.21861 0.47767 0.3541 0.77372
-0.42086 0.31439 0.6817 0.50924
-0.52006 0.074133 0.84239 0.12008
-0.49194 -0.18427 0.79683 -0.29848
-0.34337 -0.39756 0.55619 -0.64397
-0.11074 -0.51352 0.17937 -0.83178
0.14901 -0.50374 -0.24137 -0.81595
0.37228 -0.37064 -0.60301 -0.60035
0.5044 -0.14678 -0.81701 -0.23776
0.51302 0.11301 -0.83098 0.18305
0.39604 0.34513 -0.6415 0.55903
0.1821 0.49275 -0.29495 0.79815
-0.076434 0.51973 0.12381 0.84185
-0.31625 0.41946 0.51225 0.67944
-0.47864 0.21649 0.77528 0.35067
-0.52384 -0.039479 0.8485 -0.063946
-0.44078 -0.28579 0.71397 -0.46291
-0.24981 -0.46212 0.40464 -0.74854
0.0023249 -0.52532 -0.0037658 -0.8509
0.25389 -0.45989 -0.41125 -0.74493
0.4433 -0.28187 -0.71804 -0.45657
0.52417 -0.03484 -0.84903 -0.056434
0.4767 0.22072 -0.77215 0.35752
0.31252 0.42225 -0.50622 0.68394
0.071831 0.52039 -0.11635 0.84291
-0.18645 0.49112 0.30201 0.79551
-0.39908 0.34161 0.64642 0.55333
-0.514 0.10846 0.83257 0.17568
-0.50308 -0.15124 0.81488 -0.24498
-0.36898 -0.37392 0.59767 -0.60566
-0.14455 -0.50504 0.23414 -0.81806
0.11528 -0.51252 -0.18672 -0.83016
0.34688 -0.39451 -0.56187 -0.63902
0.49355 -0.17991 -0.79945 -0.29142
0.51939 0.078734 -0.84129 0.12753
0.41806 0.3181 -0.67716 0.51526
0.21437 0.47959 -0.34724 0.77683
-0.041796 0.52366 0.067701 0.84821
-0.28773 0.43951 0.46606 0.71191
-0.46322 0.24776 0.75032 0.40132
-0.5253 -0.0046498 0.85087 -0.0075316
-0.45877 -0.25592 0.7431 -0.41454
-0.27991 -0.44454 0.45339 -0.72005
-0.03252 -0.52431 0.052675 -0.84927
0.22283 -0.47572 -0.36094 -0.77056
0.42362 -0.31065 -0.68618 -0.50319
0.5207 -0.069527 -0.84342 -0.11262
0.49029 0.18862 -0.79416 0.30552
0.33984 0.40059 -0.55047 0.64886
0.10619 0.51448 -0.172 0.83334
-0.15347 0.50241 0.24858 0.81378
-0.37555 0.36733 0.6083 0.59499
-0.50568 0.14231 0.81908 0.23051
-0.512 -0.11754 0.82933 -0.19039
-0.39297 -0.34862 0.63652 -0.56469
-0.17773 -0.49434 0.28788 -0.80073
0.081032 -0.51903 -0.13125 -0.84072
0.31995 -0.41665 -0.51825 -0.67487
0.48053 -0.21225 -0.77836 -0.3438
0.52347 0.044114 -0.8479 0.071454
0.43824 0.28968 -0.70984 0.46921
0.24571 0.46432 -0.39799 0.75209
-0.0069746 0.52528 0.011297 0.85083
-0.25795 0.45763 0.41782 0.74126
-0.44577 0.27794 0.72205 0.4502
-0.52445 0.030199 0.8495 0.048916
-0.47473 -0.22493 0.76895 -0.36434
-0.30878 -0.425 0.50015 -0.6884
-0.067222 -0.521 0.10888 -0.84391
0.19079 -0.48945 -0.30904 -0.7928
0.40209 -0.33806 -0.65129 -0.54759
0.51494 -0.10391 -0.83409 -0.16831
0.50172 0.15569 -0.81268 0.25218
0.36566 0.37717 -0.59229 0.61093
0.14007 0.5063 -0.22689 0.8201
-0.11981 0.51148 0.19406 0.82848
-0.35036 0.39142 0.5675 0.63402
-0.49513 0.17554 0.80199 0.28433
-0.51867 -0.083328 0.84013 -0.13497
-0.41523 -0.32179 0.67257 -0.52123
-0.21012 -0.48147 0.34035 -0.77987
0.04643 -0.52327 -0.075206 -0.84757
0.29161 -0.43695 -0.47235 -0.70776
0.4654 -0.24365 -0.75384 -0.39466
0.52524 0.0092992 -0.85077 0.015063
0.45648 0.25997 -0.7394 0.4211
0.27596 0.447 -0.447 0.72404
0.027878 0.52458 -0.045156 0.8497
-0.22703 0.47373 0.36774 0.76733
-0.42636 0.30689 0.6906 0.49709
-0.5213 0.064916 0.84438 0.10515
-0.4886 -0.19295 0.79143 -0.31254
-0.33628 -0.40358 0.5447 -0.65371
-0.10163 -0.5154 0.16461 -0.83483
0.15791 -0.50103 -0.25578 -0.81155
0.37878 -0.36399 -0.61354 -0.58958
0.50692 -0.13783 -0.82109 -0.22326
0.51094 0.12207 -0.82761 0.19773
0.38987 0.35209 -0.6315 0.5703
0.17334 0.4959 -0.28078 0.80324
-0.085623 0.5183 0.13869 0.83952
-0.32363 0.4138 0.5242 0.67026
-0.48239 0.20799 0.78137 0.33689
-0.52306 -0.048745 0.84723 -0.078956
-0.43565 -0.29354 0.70566 -0.47548
-0.24159 -0.46647 0.39132 -0.75558
0.011624 -0.52519 -0.018828 -0.8507
0.26199 -0.45533 -0.42437 -0.73753
0.44822 -0.27398 -0.72601 -0.44379
0.5247 -0.025556 -0.8499 -0.041395
0.47272 0.22913 -0.7657 0.37113
0.305 0.42771 -0.49403 0.6928
0.062608 0.52158 -0.10141 0.84484
-0.19511 0.48774 0.31604 0.79003
-0.40507 0.33449 0.65611 0.5418
-0.51584 0.099346 0.83555 0.16092
-0.50032 -0.16012 0.81041 -0.25936
-0.36231 -0.38039 0.58686 -0.61615
-0.13559 -0.50752 0.21962 -0.82207
0.12433 -0.5104 -0.20139 -0.82673
0.35381 -0.38831 -0.57309 -0.62897
0.49666 -0.17115 -0.80448 -0.27722
0.51791 0.087916 -0.8389 0.1424
0.41236 0.32545 -0.66793 0.52716
0.20585 0.48331 -0.33343 0.78285
-0.05106 0.52283 0.082705 0.84687
-0.29547 0.43435 0.47859 0.70355
-0.46754 0.23952 0.75731 0.38797
-0.52514 -0.013948 0.8506 -0.022592
-0.45416 -0.264 0.73564 -0.42763
-0.272 -0.44942 0.44057 -0.72796
-0.023234 -0.52481 0.037633 -0.85007
0.23122 -0.4717 -0.37452 -0.76405
0.42906 -0.30311 -0.69498 -0.49096
0.52185 -0.060299 -0.84528 -0.097671
0.48688 0.19727 -0.78863 0.31953
0.3327 0.40654 -0.53889 0.65851
0.097062 0.51628 -0.15722 0.83625
-0.16234 0.49961 0.26295 0.80926
-0.38199 0.36062 0.61874 0.58412
-0.50812 0.13334 0.82304 0.21598
-0.50984 -0.12659 0.82583 -0.20505
-0.38674 -0.35552 0.62643 -0.57587
-0.16895 -0.49741 0.27366 -0.8057
0.090207 -0.51752 -0.14611 -0.83826
0.32728 -0.41092 -0.53011 -0.6656
0.48422 -0.20371 -0.78432 -0.32996
0.5226 0.053373 -0.8465 0.086452
0.43304 0.29739 -0.70143 0.4817
0.23745 0.46859 -0.38462 0.75902
-0.016272 0.52507 0.026357 0.8505
-0.26601 0.45299 0.43088 0.73374
-0.45062 0.27 0.72991 0.43735
-0.52491 0.020911 0.85023 0.033871
-0.47067 -0.2333 0.76238 -0.3779
-0.3012 -0.43039 0.48788 -0.69714
-0.057989 -0.52211 0.093929 -0.8457
0.19942 -0.486 -0.32302 -0.78721
0.40801 -0.33089 -0.66088 -0.53597
0.5167 -0.094776 -0.83694 -0.15352
0.49889 0.16455 -0.80808 0.26653
0.35893 0.38358 -0.58138 0.62132
0.13109 0.5087 -0.21233 0.82398
-0.12884 0.50928 0.2087 0.82491
-0.35723 0.38516 0.57863 0.62387
-0.49816 0.16674 0.8069 0.27009
-0.51711 -0.092496 0.83761 -0.14982
-0.40947 -0.32909 0.66324 -0.53305
-0.20157 -0.48511 0.32649 -0.78577
0.055685 -0.52236 -0.090198 -0.84611
0.2993 -0.43172 -0.4848 -0.69929
0.46964 -0.23538 -0.76071 -0.38126
0.52499 0.018596 -0.85037 0.030121
0.45181 0.26801 -0.73183 0.43412
0.26801 0.45181 -0.43411 0.73184
0.018588 0.52499 -0.030108 0.85037
-0.23538 0.46964 0.38127 0.7607
-0.43172 0.2993 0.6993 0.48479
-0.52236 0.055678 0.84611 0.090185
-0.48511 -0.20157 0.78577 -0.3265
-0.32909 -0.40947 0.53304 -0.66325
-0.092489 -0.51712 0.14981 -0.83761
0.16675 -0.49815 -0.2701 -0.8069
0.38517 -0.35723 -0.62388 -0.57862
0.50928 -0.12884 -0.82492 -0.20869
0.5087 0.1311 -0.82398 0.21235
0.38358 0.35893 -0.62131 0.58139
0.16454 0.49889 -0.26652 0.80809
-0.094784 0.5167 0.15353 0.83694
-0.3309 0.40801 0.53598 0.66088
-0.486 0.19942 0.78721 0.32301
-0.52211 -0.057997 0.8457 -0.093942
-0.43039 -0.30121 0.69714 -0.48789
-0.2333 -0.47068 0.37789 -0.76239
0.020919 -0.52491 -0.033884 -0.85023
0.27001 -0.45062 -0.43736 -0.7299
0.453 -0.26601 -0.73375 -0.43087
0.52507 -0.016264 -0.8505 -0.026344
0.46859 0.23746 -0.75901 0.38463
0.29738 0.43304 -0.48169 0.70143
0.053365 0.5226 -0.08644 0.8465
-0.20372 0.48421 0.32998 0.78432
-0.41092 0.32727 0.6656 0.5301
-0.51752 0.090199 0.83827 0.1461
-0.49741 -0.16896 0.80569 -0.27367
-0.35552 -0.38674 0.57586 -0.62644
-0.12658 -0.50984 0.20503 -0.82583
0.13335 -0.50812 -0.21599 -0.82303
0.36063 -0.38198 -0.58413 -0.61873
0.49961 -0.16233 -0.80926 -0.26294
0.51628 0.09707 -0.83625 0.15723
0.40654 0.3327 -0.6585 0.5389
0.19726 0.48688 -0.31952 0.78863
-0.060307 0.52185 0.097684 0.84528
-0.30311 0.42905 0.49097 0.69497
-0.4717 0.23121 0.76406 0.37451
-0.52481 -0.023242 0.85007 -0.037646
-0.44942 -0.272 0.72796 -0.44058
-0.264 -0.45417 0.42762 -0.73565
-0.01394 -0.52514 0.02258 -0.8506
0.23953 -0.46753 -0.38799 -0.7573
0.43436 -0.29546 -0.70356 -0.47858
0.52284 -0.051052 -0.84688 -0.082692
0.48331 0.20586 -0.78285 0.33344
0.32545 0.41237 -0.52715 0.66794
0.087908 0.51791 -0.14239 0.83891
-0.17116 0.49666 0.27723 0.80447
-0.38831 0.3538 0.62898 0.57308
-0.5104 0.12432 0.82673 0.20138
-0.50752 -0.13559 0.82207 -0.21963
-0.38038 -0.36231 0.61614 -0.58687
-0.16012 -0.50033 0.25935 -0.81042
0.099354 -0.51584 -0.16093 -0.83555
0.3345 -0.40506 -0.54181 -0.65611
0.48775 -0.19511 -0.79004 -0.31603
0.52158 0.062616 -0.84484 0.10142
0.42771 0.30501 -0.69279 0.49404
0.22912 0.47272 -0.37112 0.76571
-0.025564 0.5247 0.041408 0.8499
-0.27399 0.44821 0.4438 0.726
-0.45533 0.26198 0.73754 0.42436
-0.52519 0.011616 0.8507 0.018815
-0.46647 -0.2416 0.75558 -0.39133
-0.29354 -0.43566 0.47546 -0.70567
-0.048737 -0.52306 0.078944 -0.84723
0.208 -0.48239 -0.33691 -0.78136
0.4138 -0.32362 -0.67027 -0.52419
0.5183 -0.085615 -0.83953 -0.13868
0.4959 0.17335 -0.80324 0.28079
0.35208 0.38988 -0.57029 0.63151
0.12206 0.51094 -0.19772 0.82761
-0.13784 0.50692 0.22327 0.82109
-0.36399 0.37878 0.58959 0.61353
-0.50103 0.1579 0.81156 0.25576
-0.5154 -0.10164 0.83483 -0.16463
-0.40358 -0.33629 0.6537 -0.54471
-0.19295 -0.48861 0.31253 -0.79143
0.064924 -0.52129 -0.10516 -0.84438
0.3069 -0.42635 -0.49711 -0.6906
0.47373 -0.22703 -0.76734 -0.36773
0.52458 0.027886 -0.8497 0.045169
0.44699 0.27597 -0.72403 0.44701
0.25997 0.45649 -0.42109 0.73941
0.0092913 0.52524 -0.01505 0.85077
-0.24366 0.4654 0.39467 0.75384
-0.43695 0.29161 0.70777 0.47234
-0.52327 0.046422 0.84757 0.075193
-0.48147 -0.21013 0.77987 -0.34036
-0.32179 -0.41523 0.52122 -0.67258
-0.08332 -0.51867 0.13496 -0.84013
0.17554 -0.49512 -0.28434 -0.80199
0.39143 -0.35035 -0.63403 -0.56749
0.51148 -0.1198 -0.82848 -0.19405
0.5063 0.14008 -0.82009 0.2269
0.37716 0.36567 -0.61092 0.5923
0.15568 0.50172 -0.25217 0.81268
-0.10392 0.51494 0.16832 0.83409
-0.33807 0.40208 0.5476 0.65129
-0.48945 0.19078 0.79281 0.30902
-0.521 -0.06723 0.84391 -0.1089
-0.42499 -0.30878 0.68839 -0.50016
-0.22493 -0.47473 0.36433 -0.76896
0.030207 -0.52445 -0.048929 -0.8495
0.27795 -0.44577 -0.45021 -0.72204
0.45763 -0.25794 -0.74126 -0.41781
0.52528 -0.0069667 -0.85083 -0.011284
0.46431 0.24572 -0.75208 0.39801
0.28967 0.43824 -0.4692 0.70985
0.044106 0.52347 -0.071441 0.8479
-0.21226 0.48053 0.34381 0.77835
-0.41665 0.31994 0.67488 0.51824
-0.51904 0.081024 0.84072 0.13124
-0.49434 -0.17773 0.80072 -0.28789
-0.34862 -0.39298 0.56468 -0.63653
-0.11754 -0.512 0.19038 -0.82933
0.14232 -0.50568 -0.23053 -0.81908
0.36733 -0.37554 -0.59499 -0.60829
0.50241 -0.15346 -0.81379 -0.24857
0.51448 0.10619 -0.83334 0.17201
0.40058 0.33985 -0.64886 0.55048
0.18861 0.49029 -0.30551 0.79417
-0.069535 0.5207 0.11263 0.84342
-0.31066 0.42362 0.5032 0.68617
-0.47572 0.22282 0.77057 0.36092
-0.52431 -0.032528 0.84927 -0.052688
-0.44453 -0.27992 0.72005 -0.4534
-0.25592 -0.45877 0.41453 -0.7431
-0.0046419 -0.5253 0.0075188 -0.85087
0.24777 -0.46322 -0.40133 -0.75031
0.43952 -0.28773 -0.71192 -0.46605
0.52366 -0.041789 -0.84821 -0.067688
0.47959 0.21438 -0.77682 0.34725
0.3181 0.41806 -0.51525 0.67717
0.078726 0.51939 -0.12752 0.84129
-0.17992 0.49355 0.29143 0.79944
-0.39452 0.34687 0.63903 0.56186
-0.51252 0.11527 0.83017 0.18671
-0.50504 -0.14456 0.81805 -0.23415
-0.37391 -0.36899 0.60565 -0.59768
-0.15123 -0.50308 0.24497 -0.81488
0.10847 -0.514 -0.1757 -0.83257
0.34162 -0.39908 -0.55334 -0.64641
0.49112 -0.18644 -0.79551 -0.30199
0.52039 0.071839 -0.84291 0.11636
0.42224 0.31253 -0.68394 0.50623
0.22072 0.47671 -0.35751 0.77216
-0.034848 0.52416 0.056446 0.84903
-0.28188 0.44329 0.45658 0.71803
-0.4599 0.25388 0.74493 0.41123
-0.52532 0.002317 0.8509 0.003753
-0.46212 -0.24982 0.74853 -0.40465
-0.28578 -0.44079 0.4629 -0.71398
-0.039471 -0.52384 0.063934 -0.8485
0.2165 -0.47863 -0.35068 -0.77528
0.41947 -0.31624 -0.67944 -0.51224
0.51973 -0.076427 -0.84185 -0.12379
0.49275 0.1821 -0.79814 0.29497
0.34512 0.39605 -0.55902 0.64151
0.113 0.51302 -0.18303 0.83098
-0.14679 0.5044 0.23777 0.81701
-0.37064 0.37227 0.60036 0.603
-0.50375 0.14901 0.81596 0.24136
-0.51352 -0.11074 0.83178 -0.17938
-0.39756 -0.34338 0.64396 -0.5562
-0.18427 -0.49194 0.29847 -0.79684
0.074141 -0.52006 -0.12009 -0.84239
0.3144 -0.42085 -0.50925 -0.68169
0.47768 -0.2186 -0.77373 -0.35409
0.52401 0.037168 -0.84877 0.060203
0.44204 0.28384 -0.716 0.45976
0.25185 0.46102 -0.40793 0.74674
-7.9177e-06 0.52532 1.2825e-05 0.8509
-0.25186 0.46101 0.40796 0.74673
-0.44205 0.28383 0.71602 0.45973
-0.52401 0.037152 0.84877 0.060178
-0.47767 -0.21862 0.77372 -0.35411
-0.44807 -0 0 0.894
-0.39322 -0.21482 0.4286 0.78456
-0.2421 -0.37704 0.75227 0.48303
-0.031695 -0.44695 0.89176 0.063239
0.18646 -0.40743 0.81291 -0.37203
0.35897 -0.26816 0.53503 -0.71622
0.44359 -0.063232 0.12616 -0.88505
0.4196 0.15718 -0.3136 -0.83719
0.29288 0.3391 -0.67658 -0.58436
0.094452 0.43801 -0.87391 -0.18845
-0.1271 0.42967 -0.85728 0.25359
-0.31754 0.31613 -0.63075 0.63355
-0.43023 0.1252 -0.2498 0.85839
-0.43758 -0.09639 0.19232 0.87307
-0.3378 -0.29438 0.58734 0.67399
-0.15532 -0.42029 0.83857 0.30989
0.065195 -0.44331 0.88448 -0.13008
0.26975 -0.35778 0.71384 -0.5382
0.40825 -0.18466 0.36843 -0.81455
0.44681 0.033673 -0.067185 -0.89147
0.37597 0.24376 -0.48635 -0.75013
0.21308 0.39417 -0.78645 -0.42513
-0.001983 0.44807 -0.89399 0.0039566
-0.21656 0.39227 -0.78265 0.43207
-0.37811 0.24042 -0.47969 0.7544
-0.44709 0.029717 -0.059292 0.89203
-0.4066 -0.18827 0.37563 0.81125
-0.26657 -0.36015 0.71858 0.53186
-0.061268 -0.44387 0.8856 0.12224
0.15903 -0.4189 0.83579 -0.3173
0.3404 -0.29138 0.58136 -0.67916
0.43842 -0.092513 0.18458 -0.87473
0.4291 0.129 -0.25738 -0.85614
0.31473 0.31893 -0.63633 -0.62794
0.12329 0.43078 -0.85949 -0.246
-0.098325 0.43715 -0.87221 0.19618
-0.29587 0.3365 -0.67138 0.59032
-0.42098 0.15346 -0.30618 0.83993
-0.44301 -0.067156 0.13399 0.8839
-0.35658 -0.27133 0.54135 0.71146
-0.18285 -0.40907 0.81617 0.36482
0.03565 -0.44665 0.89116 -0.07113
0.24542 -0.37488 0.74797 -0.48967
0.39511 -0.21133 0.42164 -0.78832
0.44806 0.003966 -0.007913 -0.89396
0.3913 0.21829 -0.43553 -0.78073
0.23875 0.37917 -0.75652 -0.47635
0.027738 0.44721 -0.89228 -0.055343
-0.19006 0.40577 -0.80958 0.37921
-0.36133 0.26497 -0.52867 0.72093
-0.44413 0.059303 -0.11832 0.88613
-0.41819 -0.16088 0.321 0.83438
-0.28987 -0.34168 0.68172 0.57834
-0.090571 -0.43882 0.87554 0.18071
0.1309 -0.42853 0.855 -0.26117
0.32032 -0.31331 0.62512 -0.63911
0.43132 -0.12139 0.24219 -0.86057
0.43671 0.10026 -0.20004 -0.87133
0.33518 0.29736 -0.59329 -0.66876
0.15159 0.42165 -0.84128 -0.30246
-0.069116 0.44271 -0.8833 0.1379
-0.2729 0.35538 -0.70905 0.54449
-0.40987 0.18104 -0.36121 0.81778
-0.44649 -0.037627 0.075073 0.89084
-0.37379 -0.24708 0.49297 0.74579
-0.20958 -0.39604 0.79018 0.41815
0.005949 -0.44803 0.89392 -0.011869
0.22002 -0.39033 0.7788 -0.43898
0.38022 -0.23707 0.473 -0.75862
0.44733 -0.025759 0.051394 -0.89252
0.40492 0.19186 -0.38279 -0.8079
0.26337 0.3625 -0.72326 -0.52548
0.057337 0.44439 -0.88665 -0.1144
-0.16273 0.41748 -0.83295 0.32469
-0.34296 0.28835 -0.57532 0.68428
-0.43922 0.088628 -0.17683 0.87633
-0.42794 -0.13279 0.26495 0.85383
-0.31189 -0.32171 0.64187 0.62228
-0.11948 -0.43185 0.86163 0.23838
0.10219 -0.43626 0.87044 -0.20389
0.29884 -0.33387 0.66613 -0.59624
0.42232 -0.14972 0.29873 -0.84261
0.4424 0.071075 -0.14181 -0.88268
0.35417 0.27447 -0.54763 -0.70664
0.17922 0.41067 -0.81937 -0.35759
-0.039602 0.44632 -0.8905 0.079015
-0.24873 0.3727 -0.7436 0.49627
-0.39696 0.20782 -0.41465 0.79202
-0.448 -0.0079318 0.015825 0.89386
-0.38936 -0.22175 0.44243 0.77685
-0.23538 -0.38127 0.7607 0.46964
-0.023779 -0.44744 0.89274 0.047443
0.19365 -0.40407 0.8062 -0.38637
0.36366 -0.26176 0.52227 -0.72558
0.44464 -0.05537 0.11047 -0.88714
0.41675 0.16458 -0.32837 -0.83151
0.28683 0.34423 -0.68682 -0.57229
0.086684 0.43961 -0.87711 -0.17295
-0.13469 0.42735 -0.85265 0.26873
-0.32308 0.31046 -0.61944 0.64461
-0.43238 0.11756 -0.23456 0.86268
-0.43581 -0.10412 0.20774 0.86952
-0.33254 -0.30031 0.59918 0.66348
-0.14785 -0.42298 0.84392 0.295
0.073032 -0.44208 0.88204 -0.14571
0.27604 -0.35295 0.70421 -0.55075
0.41146 -0.1774 0.35396 -0.82094
0.44614 0.041577 -0.082955 -0.89014
0.37159 0.25038 -0.49956 -0.7414
0.20606 0.39788 -0.79385 -0.41114
-0.0099144 0.44796 -0.89378 0.019781
-0.22347 0.38837 -0.77488 0.44586
-0.38231 0.23369 -0.46626 0.76278
-0.44754 0.021798 -0.043492 0.89294
-0.40321 -0.19543 0.38993 0.80448
-0.26015 -0.36482 0.72788 0.51905
-0.053401 -0.44488 0.88762 0.10655
0.16642 -0.41602 0.83005 -0.33205
0.3455 -0.28531 0.56924 -0.68934
0.43999 -0.084737 0.16907 -0.87786
0.42675 0.13658 -0.2725 -0.85145
0.30903 0.32445 -0.64735 -0.61658
0.11565 0.43289 -0.86371 -0.23074
-0.10605 0.43534 -0.8686 0.21159
-0.30178 0.33121 -0.66083 0.60211
-0.42363 0.14598 -0.29126 0.84522
-0.44175 -0.074988 0.14962 0.88139
-0.35172 -0.2776 0.55386 0.70176
-0.17558 -0.41224 0.8225 0.35032
0.043551 -0.44595 0.88976 -0.086894
0.25202 -0.37048 0.73918 -0.50283
0.39879 -0.2043 0.40762 -0.79566
0.44792 0.011897 -0.023737 -0.89368
0.38738 0.22518 -0.44928 -0.7729
0.232 0.38334 -0.76483 -0.46288
0.019817 0.44764 -0.89312 -0.039539
-0.19722 0.40234 -0.80274 0.39349
-0.36596 0.25853 -0.51583 0.73017
-0.44511 0.051432 -0.10262 0.88809
-0.41528 -0.16826 0.33572 0.82857
-0.28377 -0.34676 0.69186 0.56619
-0.082789 -0.44036 0.8786 0.16518
0.13846 -0.42614 0.85024 -0.27627
0.32582 -0.30759 0.61371 -0.65007
0.4334 -0.11373 0.22692 -0.86472
0.43487 0.10797 -0.21543 -0.86765
0.32987 0.30324 -0.60503 -0.65815
0.1441 0.42427 -0.8465 -0.28752
-0.076942 0.44142 -0.88072 0.15351
-0.27915 0.35049 -0.6993 0.55696
-0.41301 0.17375 -0.34668 0.82404
-0.44575 -0.045525 0.090831 0.88937
-0.36936 -0.25366 0.5061 0.73695
-0.20253 -0.39969 0.79746 0.4041
0.013879 -0.44786 0.89357 -0.027692
0.22689 -0.38638 0.7709 -0.4527
0.38436 -0.2303 0.4595 -0.76687
0.44772 -0.017836 0.035586 -0.89329
0.40146 0.199 -0.39704 -0.801
0.25691 0.36711 -0.73245 -0.51259
0.049462 0.44534 -0.88853 -0.098686
-0.1701 0.41453 -0.82707 0.33938
-0.34801 0.28224 -0.56312 0.69435
-0.44072 0.080839 -0.16129 0.87933
-0.42553 -0.14035 0.28003 0.84901
-0.30615 -0.32718 0.65278 0.61082
-0.11181 -0.4339 0.86571 0.22309
0.1099 -0.43439 0.86669 -0.21927
0.3047 -0.32852 0.65547 -0.60794
0.4249 -0.14223 0.28377 -0.84777
0.44107 0.078895 -0.15741 -0.88003
0.34925 0.2807 -0.56005 -0.69683
0.17193 0.41378 -0.82557 -0.34303
-0.047497 0.44555 -0.88896 0.094766
-0.25529 0.36823 -0.7347 0.50935
-0.40058 0.20076 -0.40056 0.79924
-0.44779 -0.015861 0.031646 0.89344
-0.38537 -0.2286 0.45611 0.76889
-0.2286 -0.38537 0.7689 0.4561
-0.015854 -0.44779 0.89344 0.031632
0.20077 -0.40058 0.79923 -0.40058
0.36824 -0.25528 0.50934 -0.73471
0.44555 -0.04749 0.094752 -0.88896
0.41377 0.17193 -0.34304 -0.82556
0.28069 0.34926 -0.69684 -0.56004
0.078888 0.44107 -0.88003 -0.1574
-0.14223 0.4249 -0.84776 0.28378
-0.32853 0.3047 -0.60793 0.65548
-0.43439 0.10989 -0.21925 0.86669
-0.4339 -0.11182 0.2231 0.86571
-0.32717 -0.30615 0.61083 0.65277
-0.14034 -0.42553 0.84901 0.28001
0.080846 -0.44072 0.87932 -0.1613
0.28224 -0.34801 0.69435 -0.56313
0.41453 -0.17009 0.33937 -0.82708
0.44533 0.049468 -0.098699 -0.88853
0.3671 0.25692 -0.5126 -0.73244
0.19899 0.40146 -0.801 -0.39702
-0.017843 0.44772 -0.89329 0.0356
-0.23031 0.38436 -0.76687 0.45951
-0.38638 0.22689 -0.45269 0.77091
-0.44786 0.013872 -0.027678 0.89357
-0.39968 -0.20254 0.40411 0.79745
-0.25365 -0.36936 0.73696 0.50609
-0.045518 -0.44576 0.88937 0.090817
0.17376 -0.41301 0.82404 -0.34669
0.3505 -0.27914 0.55695 -0.69931
0.44142 -0.076935 0.1535 -0.88072
0.42427 0.14411 -0.28753 -0.8465
0.30324 0.32987 -0.65816 -0.60502
0.10797 0.43487 -0.86766 -0.21542
-0.11374 0.4334 -0.86472 0.22693
-0.3076 0.32581 -0.65006 0.61372
-0.42614 0.13846 -0.27625 0.85024
-0.44036 -0.082796 0.16519 0.8786
-0.34676 -0.28378 0.5662 0.69185
-0.16826 -0.41528 0.82857 0.3357
0.051439 -0.44511 0.88809 -0.10263
0.25854 -0.36596 0.73017 -0.51584
0.40234 -0.19721 0.39347 -0.80275
0.44763 0.019824 -0.039553 -0.89312
0.38333 0.232 -0.4629 -0.76483
0.22518 0.38738 -0.77291 -0.44927
0.01189 0.44792 -0.89368 -0.023723
-0.20431 0.39878 -0.79565 0.40763
-0.37048 0.25202 -0.50282 0.73919
-0.44595 0.043545 -0.08688 0.88977
-0.41224 -0.17559 0.35033 0.82249
-0.27759 -0.35173 0.70177 0.55385
-0.074981 -0.44176 0.88139 0.1496
0.14599 -0.42362 0.84522 -0.29127
0.33121 -0.30178 0.6021 -0.66083
0.43534 -0.10604 0.21157 -0.8686
0.43289 0.11566 -0.23076 -0.8637
0.32445 0.30904 -0.61659 -0.64734
0.13657 0.42675 -0.85146 -0.27249
-0.084744 0.43999 -0.87786 0.16908
-0.28531 0.3455 -0.68933 0.56925
-0.41602 0.16642 -0.33203 0.83005
-0.44488 -0.053408 0.10656 0.88762
-0.36481 -0.26016 0.51906 0.72788
-0.19543 -0.40321 0.80448 0.38992
0.021805 -0.44754 0.89294 -0.043505
0.2337 -0.3823 0.76277 -0.46628
0.38838 -0.22346 0.44585 -0.77489
0.44796 -0.0099077 0.019768 -0.89378
0.39788 0.20607 -0.41115 -0.79384
0.25037 0.3716 -0.74141 -0.49954
0.041571 0.44614 -0.89014 -0.082942
-0.17741 0.41146 -0.82094 0.35397
-0.35295 0.27603 -0.55074 0.70421
-0.44208 0.073025 -0.1457 0.88204
-0.42297 -0.14786 0.29501 0.84392
-0.30031 -0.33254 0.66349 0.59917
-0.10411 -0.43581 0.86953 0.20773
0.11757 -0.43237 0.86267 -0.23458
0.31047 -0.32308 0.64461 -0.61945
0.42735 -0.13468 0.26872 -0.85266
0.43961 0.08669 -0.17296 -0.87711
0.34423 0.28684 -0.5723 -0.68681
0.16457 0.41676 -0.83151 -0.32836
-0.055377 0.44464 -0.88714 0.11049
-0.26177 0.36366 -0.72557 0.52228
-0.40407 0.19364 -0.38635 0.8062
-0.44744 -0.023785 0.047457 0.89274
-0.38126 -0.23539 0.46965 0.7607
-0.22174 -0.38936 0.77685 0.44241
-0.007925 -0.448 0.89386 0.015812
0.20783 -0.39696 0.79201 -0.41466
0.3727 -0.24873 0.49626 -0.74361
0.44632 -0.039596 0.079001 -0.8905
0.41067 0.17923 -0.3576 -0.81936
0.27447 0.35417 -0.70664 -0.54762
0.071068 0.4424 -0.88268 -0.14179
-0.14973 0.42232 -0.8426 0.29874
-0.33387 0.29883 -0.59623 0.66614
-0.43627 0.10218 -0.20388 0.87044
-0.43185 -0.11948 0.23839 0.86163
-0.3217 -0.3119 0.62229 0.64186
-0.13279 -0.42795 0.85384 0.26494
0.088635 -0.43922 0.87633 -0.17684
0.28836 -0.34296 0.68427 -0.57533
0.41748 -0.16273 0.32467 -0.83296
0.44439 0.057344 -0.11441 -0.88665
0.3625 0.26338 -0.52549 -0.72325
0.19185 0.40492 -0.8079 -0.38278
-0.025765 0.44733 -0.89252 0.051407
-0.23707 0.38022 -0.75861 0.47301
-0.39034 0.22001 -0.43897 0.7788
-0.44803 0.0059422 -0.011856 0.89392
-0.39604 -0.20958 0.41816 0.79017
-0.24707 -0.3738 0.7458 0.49296
-0.03762 -0.44649 0.89084 0.075059
0.18104 -0.40987 0.81777 -0.36122
0.35538 -0.2729 0.54448 -0.70906
0.44271 -0.069109 0.13789 -0.8833
0.42165 0.1516 -0.30247 -0.84127
0.29735 0.33519 -0.66877 -0.59328
0.10025 0.43671 -0.87133 -0.20002
-0.12139 0.43132 -0.86056 0.2422
-0.31332 0.32032 -0.6391 0.62513
-0.42853 0.13089 -0.26116 0.855
-0.43882 -0.090578 0.18072 0.87554
-0.34168 -0.28987 0.57835 0.68172
-0.16088 -0.4182 0.83439 0.32098
0.05931 -0.44413 0.88613 -0.11834
0.26498 -0.36133 0.72092 -0.52868
0.40577 -0.19006 0.3792 -0.80959
0.44721 0.027745 -0.055357 -0.89228
0.37917 0.23875 -0.47636 -0.75651
0.21828 0.39131 -0.78074 -0.43552
0.0039593 0.44806 -0.89396 -0.0078996
-0.21133 0.3951 -0.78831 0.42166
-0.37489 0.24542 -0.48966 0.74797
-0.44665 0.035644 -0.071116 0.89116
-0.40906 -0.18286 0.36484 0.81616
-0.27132 -0.35659 0.71146 0.54134
-0.067149 -0.44301 0.8839 0.13398
0.15346 -0.42097 0.83993 -0.30619
0.3365 -0.29587 0.59031 -0.67139
0.43715 -0.098319 0.19617 -0.87221
0.43077 0.1233 -0.24601 -0.85948
0.31893 0.31473 -0.62795 -0.63632
0.129 0.4291 -0.85615 -0.25737
-0.092519 0.43842 -0.87473 0.18459
-0.29138 0.34039 -0.67915 0.58137
-0.4189 0.15903 -0.31729 0.8358
-0.44386 -0.061275 0.12226 0.8856
-0.36015 -0.26657 0.53187 0.71857
-0.18826 -0.40661 0.81126 0.37562
0.029724 -0.44709 0.89203 -0.059305
0.24043 -0.37811 0.7544 -0.47971
0.39227 -0.21655 0.43206 -0.78266
0.44807 -0.0019763 0.0039431 -0.89399
0.39417 0.21308 -0.42514 -0.78644
0.24376 0.37597 -0.75013 -0.48634
0.033666 0.44681 -0.89147 -0.067171
-0.18467 0.40825 -0.81454 0.36844
-0.35779 0.26974 -0.53819 0.71385
-0.44331 0.065188 -0.13006 0.88448
-0.42029 -0.15532 0.3099 0.83856
-0.29437 -0.33781 0.67399 0.58733
-0.096383 -0.43758 0.87307 0.1923
0.12521 -0.43023 0.85839 -0.24981
0.31614 -0.31753 0.63354 -0.63076
0.42967 -0.1271 0.25358 -0.85728
0.438 0.094459 -0.18846 -0.87391
0.3391 0.29289 -0.58437 -0.67657
0.15717 0.4196 -0.83719 -0.31359
-0.063239 0.44359 -0.88505 0.12617
-0.26816 0.35897 -0.71621 0.53504
-0.40743 0.18646 -0.37202 0.81291
-0.44695 -0.031702 0.063252 0.89176
-0.37704 -0.2421 0.48304 0.75226
-0.21481 -0.39322 0.78456 0.42859
6.7534e-06 -0.44807 0.894 -1.3474e-05
0.21482 -0.39322 0.78455 -0.42862
0.37704 -0.24209 0.48302 -0.75228
0.44695 -0.031689 0.063225 -0.89176
0.40743 0.18647 -0.37205 -0.8129
0.52532 0 0 0.8509
0.46101 0.25185 0.40794 0.74674
0.28383 0.44204 0.71601 0.45975
0.03716 0.52401 0.84877 0.060191
-0.21861 0.47767 0.77372 -0.3541
-0.42086 0.31439 0.50924 -0.6817
-0.52006 0.074133 0.12008 -0.84239
-0.49194 -0.18427 -0.29848 -0.79683
-0.34337 -0.39756 -0.64397 -0.55619
-0.11074 -0.51352 -0.83178 -0.17937
0.14901 -0.50374 -0.81595 0.24137
0.37228 -0.37064 -0.60035 0.60301
0.5044 -0.14678 -0.23776 0.81701
0.51302 0.11301 0.18305 0.83098
0.39604 0.34513 0.55903 0.6415
0.1821 0.49275 0.79815 0.29495
-0.076434 0.51973 0.84185 -0.12381
-0.31625 0.41946 0.67944 -0.51225
-0.47864 0.21649 0.35067 -0.77528
-0.52384 -0.039479 -0.063946 -0.8485
-0.44078 -0.28579 -0.46291 -0.71397
-0.24981 -0.46212 -0.74854 -0.40464
0.0023249 -0.52532 -0.8509 0.0037658
0.25389 -0.45989 -0.74493 0.41125
0.4433 -0.28187 -0.45657 0.71804
0.52417 -0.03484 -0.056434 0.84903
0.4767 0.22072 0.35752 0.77215
0.31252 0.42225 0.68394 0.50622
0.071831 0.52039 0.84291 0.11635
-0.18645 0.49112 0.79551 -0.30201
-0.39908 0.34161 0.55333 -0.64642
-0.514 0.10846 0.17568 -0.83257
-0.50308 -0.15124 -0.24498 -0.81488
-0.36898 -0.37392 -0.60566 -0.59767
-0.14455 -0.50504 -0.81806 -0.23414
0.11528 -0.51252 -0.83016 0.18672
0.34688 -0.39451 -0.63902 0.56187
0.49355 -0.17991 -0.29142 0.79945
0.51939 0.078734 0.12753 0.84129
0.41806 0.3181 0.51526 0.67716
0.21437 0.47959 0.77683 0.34724
-0.041796 0.52366 0.84821 -0.067701
-0.28773 0.43951 0.71191 -0.46606
-0.46322 0.24776 0.40132 -0.75032
-0.5253 -0.0046498 -0.0075316 -0.85087
-0.45877 -0.25592 -0.41454 -0.7431
-0.27991 -0.44454 -0.72005 -0.45339
-0.03252 -0.52431 -0.84927 -0.052675
0.22283 -0.47572 -0.77056 0.36094
0.42362 -0.31065 -0.50319 0.68618
0.5207 -0.069527 -0.11262 0.84342
0.49029 0.18862 0.30552 0.79416
0.33984 0.40059 0.64886 0.55047
0.10619 0.51448 0.83334 0.172
-0.15347 0.50241 0.81378 -0.24858
-0.37555 0.36733 0.59499 -0.6083
-0.50568 0.14231 0.23051 -0.81908
-0.512 -0.11754 -0.19039 -0.82933
-0.39297 -0.34862 -0.56469 -0.63652
-0.17773 -0.49434 -0.80073 -0.28788
0.081032 -0.51903 -0.84072 0.13125
0.31995 -0.41665 -0.67487 0.51825
0.48053 -0.21225 -0.3438 0.77836
0.52347 0.044114 0.071454 0.8479
0.43824 0.28968 0.46921 0.70984
0.24571 0.46432 0.75209 0.39799
-0.0069746 0.52528 0.85083 -0.011297
-0.25795 0.45763 0.74126 -0.41782
-0.44577 0.27794 0.4502 -0.72205
-0.52445 0.030199 0.048916 -0.8495
-0.47473 -0.22493 -0.36434 -0.76895
-0.30878 -0.425 -0.6884 -0.50015
-0.067222 -0.521 -0.84391 -0.10888
0.19079 -0.48945 -0.7928 0.30904
0.40209 -0.33806 -0.54759 0.65129
0.51494 -0.10391 -0.16831 0.83409
0.50172 0.15569 0.25218 0.81268
0.36566 0.37717 0.61093 0.59229
0.14007 0.5063 0.8201 0.22689
-0.11981 0.51148 0.82848 -0.19406
-0.35036 0.39142 0.63402 -0.5675
-0.49513 0.17554 0.28433 -0.80199
-0.51867 -0.083328 -0.13497 -0.84013
-0.41523 -0.32179 -0.52123 -0.67257
-0.21012 -0.48147 -0.77987 -0.34035
0.04643 -0.52327 -0.84757 0.075206
0.29161 -0.43695 -0.70776 0.47235
0.4654 -0.24365 -0.39466 0.75384
0.52524 0.0092992 0.015063 0.85077
0.45648 0.25997 0.4211 0.7394
0.27596 0.447 0.72404 0.447
0.027878 0.52458 0.8497 0.045156
-0.22703 0.47373 0.76733 -0.36774
-0.42636 0.30689 0.49709 -0.6906
-0.5213 0.064916 0.10515 -0.84438
-0.4886 -0.19295 -0.31254 -0.79143
-0.33628 -0.40358 -0.65371 -0.5447
-0.10163 -0.5154 -0.83483 -0.16461
0.15791 -0.50103 -0.81155 0.25578
0.37878 -0.36399 -0.58958 0.61354
0.50692 -0.13783 -0.22326 0.82109
0.51094 0.12207 0.19773 0.82761
0.38987 0.35209 0.5703 0.6315
0.17334 0.4959 0.80324 0.28078
-0.085623 0.5183 0.83952 -0.13869
-0.32363 0.4138 0.67026 -0.5242
-0.48239 0.20799 0.33689 -0.78137
-0.52306 -0.048745 -0.078956 -0.84723
-0.43565 -0.29354 -0.47548 -0.70566
-0.24159 -0.46647 -0.75558 -0.39132
0.011624 -0.52519 -0.8507 0.018828
0.26199 -0.45533 -0.73753 0.42437
0.44822 -0.27398 -0.44379 0.72601
0.5247 -0.025556 -0.041395 0.8499
0.47272 0.22913 0.37113 0.7657
0.305 0.42771 0.6928 0.49403
0.062608 0.52158 0.84484 0.10141
-0.19511 0.48774 0.79003 -0.31604
-0.40507 0.33449 0.5418 -0.65611
-0.51584 0.099346 0.16092 -0.83555
-0.50032 -0.16012 -0.25936 -0.81041
-0.36231 -0.38039 -0.61615 -0.58686
-0.13559 -0.50752 -0.82207 -0.21962
0.12433 -0.5104 -0.82673 0.20139
0.35381 -0.38831 -0.62897 0.57309
0.49666 -0.17115 -0.27722 0.80448
0.51791 0.087916 0.1424 0.8389
0.41236 0.32545 0.52716 0.66793
0.20585 0.48331 0.78285 0.33343
-0.05106 0.52283 0.84687 -0.082705
-0.29547 0.43435 0.70355 -0.47859
-0.46754 0.23952 0.38797 -0.75731
-0.52514 -0.013948 -0.022592 -0.8506
-0.45416 -0.264 -0.42763 -0.73564
-0.272 -0.44942 -0.72796 -0.44057
-0.023234 -0.52481 -0.85007 -0.037633
0.23122 -0.4717 -0.76405 0.37452
0.42906 -0.30311 -0.49096 0.69498
0.52185 -0.060299 -0.097671 0.84528
0.48688 0.19727 0.31953 0.78863
0.3327 0.40654 0.65851 0.53889
0.097062 0.51628 0.83625 0.15722
-0.16234 0.49961 0.80926 -0.26295
-0.38199 0.36062 0.58412 -0.61874
-0.50812 0.13334 0.21598 -0.82304
-0.50984 -0.12659 -0.20505 -0.82583
-0.38674 -0.35552 -0.57587 -0.62643
-0.16895 -0.49741 -0.8057 -0.27366
0.090207 -0.51752 -0.83826 0.14611
0.32728 -0.41092 -0.6656 0.53011
0.48422 -0.20371 -0.32996 0.78432
0.5226 0.053373 0.086452 0.8465
0.43304 0.29739 0.4817 0.70143
0.23745 0.46859 0.75902 0.38462
-0.016272 0.52507 0.8505 -0.026357
-0.26601 0.45299 0.73374 -0.43088
-0.45062 0.27 0.43735 -0.72991
-0.52491 0.020911 0.033871 -0.85023
-0.47067 -0.2333 -0.3779 -0.76238
-0.3012 -0.43039 -0.69714 -0.48788
-0.057989 -0.52211 -0.8457 -0.093929
0.19942 -0.486 -0.78721 0.32302
0.40801 -0.33089 -0.53597 0.66088
0.5167 -0.094776 -0.15352 0.83694
0.49889 0.16455 0.26653 0.80808
0.35893 0.38358 0.62132 0.58138
0.13109 0.5087 0.82398 0.21233
-0.12884 0.50928 0.82491 -0.2087
-0.35723 0.38516 0.62387 -0.57863
-0.49816 0.16674 0.27009 -0.8069
-0.51711 -0.092496 -0.14982 -0.83761
-0.40947 -0.32909 -0.53305 -0.66324
-0.20157 -0.48511 -0.78577 -0.32649
0.055685 -0.52236 -0.84611 0.090198
0.2993 -0.43172 -0.69929 0.4848
0.46964 -0.23538 -0.38126 0.76071
0.52499 0.018596 0.030121 0.85037
0.45181 0.26801 0.43412 0.73183
0.26801 0.45181 0.73184 0.43411
0.018588 0.52499 0.85037 0.030108
-0.23538 0.46964 0.7607 -0.38127
-0.43172 0.2993 0.48479 -0.6993
-0.52236 0.055678 0.090185 -0.84611
-0.48511 -0.20157 -0.3265 -0.78577
-0.32909 -0.40947 -0.66325 -0.53304
-0.092489 -0.51712 -0.83761 -0.14981
0.16675 -0.49815 -0.8069 0.2701
0.38517 -0.35723 -0.57862 0.62388
0.50928 -0.12884 -0.20869 0.82492
0.5087 0.1311 0.21235 0.82398
0.38358 0.35893 0.58139 0.62131
0.16454 0.49889 0.80809 0.26652
-0.094784 0.5167 0.83694 -0.15353
-0.3309 0.40801 0.66088 -0.53598
-0.486 0.19942 0.32301 -0.78721
-0.52211 -0.057997 -0.093942 -0.8457
-0.43039 -0.30121 -0.48789 -0.69714
-0.2333 -0.47068 -0.76239 -0.37789
0.020919 -0.52491 -0.85023 0.033884
0.27001 -0.45062 -0.7299 0.43736
0.453 -0.26601 -0.43087 0.73375
0.52507 -0.016264 -0.026344 0.8505
0.46859 0.23746 0.38463 0.75901
0.29738 0.43304 0.70143 0.48169
0.053365 0.5226 0.8465 0.08644
-0.20372 0.48421 0.78432 -0.32998
-0.41092 0.32727 0.5301 -0.6656
-0.51752 0.090199 0.1461 -0.83827
-0.49741 -0.16896 -0.27367 -0.80569
-0.35552 -0.38674 -0.62644 -0.57586
-0.12658 -0.50984 -0.82583 -0.20503
0.13335 -0.50812 -0.82303 0.21599
0.36063 -0.38198 -0.61873 0.58413
0.49961 -0.16233 -0.26294 0.80926
0.51628 0.09707 0.15723 0.83625
0.40654 0.3327 0.5389 0.6585
0.19726 0.48688 0.78863 0.31952
-0.060307 0.52185 0.84528 -0.097684
-0.30311 0.42905 0.69497 -0.49097
-0.4717 0.23121 0.37451 -0.76406
-0.52481 -0.023242 -0.037646 -0.85007
-0.44942 -0.272 -0.44058 -0.72796
-0.264 -0.45417 -0.73565 -0.42762
-0.01394 -0.52514 -0.8506 -0.02258
0.23953 -0.46753 -0.7573 0.38799
0.43436 -0.29546 -0.47858 0.70356
0.52284 -0.051052 -0.082692 0.84688
0.48331 0.20586 0.33344 0.78285
0.32545 0.41237 0.66794 0.52715
0.087908 0.51791 0.83891 0.14239
-0.17116 0.49666 0.80447 -0.27723
-0.38831 0.3538 0.57308 -0.62898
-0.5104 0.12432 0.20138 -0.82673
-0.50752 -0.13559 -0.21963 -0.82207
-0.38038 -0.36231 -0.58687 -0.61614
-0.16012 -0.50033 -0.81042 -0.25935
0.099354 -0.51584 -0.83555 0.16093
0.3345 -0.40506 -0.65611 0.54181
0.48775 -0.19511 -0.31603 0.79004
0.52158 0.062616 0.10142 0.84484
0.42771 0.30501 0.49404 0.69279
0.22912 0.47272 0.76571 0.37112
-0.025564 0.5247 0.8499 -0.041408
-0.27399 0.44821 0.726 -0.4438
-0.45533 0.26198 0.42436 -0.73754
-0.52519 0.011616 0.018815 -0.8507
-0.46647 -0.2416 -0.39133 -0.75558
-0.29354 -0.43566 -0.70567 -0.47546
-0.048737 -0.52306 -0.84723 -0.078944
0.208 -0.48239 -0.78136 0.33691
0.4138 -0.32362 -0.52419 0.67027
0.5183 -0.085615 -0.13868 0.83953
0.4959 0.17335 0.28079 0.80324
0.35208 0.38988 0.63151 0.57029
0.12206 0.51094 0.82761 0.19772
-0.13784 0.50692 0.82109 -0.22327
-0.36399 0.37878 0.61353 -0.58959
-0.50103 0.1579 0.25576 -0.81156
-0.5154 -0.10164 -0.16463 -0.83483
-0.40358 -0.33629 -0.54471 -0.6537
-0.19295 -0.48861 -0.79143 -0.31253
0.064924 -0.52129 -0.84438 0.10516
0.3069 -0.42635 -0.6906 0.49711
0.47373 -0.22703 -0.36773 0.76734
0.52458 0.027886 0.045169 0.8497
0.44699 0.27597 0.44701 0.72403
0.25997 0.45649 0.73941 0.42109
0.0092913 0.52524 0.85077 0.01505
-0.24366 0.4654 0.75384 -0.39467
-0.43695 0.29161 0.47234 -0.70777
-0.52327 0.046422 0.075193 -0.84757
-0.48147 -0.21013 -0.34036 -0.77987
-0.32179 -0.41523 -0.67258 -0.52122
-0.08332 -0.51867 -0.84013 -0.13496
0.17554 -0.49512 -0.80199 0.28434
0.39143 -0.35035 -0.56749 0.63403
0.51148 -0.1198 -0.19405 0.82848
0.5063 0.14008 0.2269 0.82009
0.37716 0.36567 0.5923 0.61092
0.15568 0.50172 0.81268 0.25217
-0.10392 0.51494 0.83409 -0.16832
-0.33807 0.40208 0.65129 -0.5476
-0.48945 0.19078 0.30902 -0.79281
-0.521 -0.06723 -0.1089 -0.84391
-0.42499 -0.30878 -0.50016 -0.68839
-0.22493 -0.47473 -0.76896 -0.36433
0.030207 -0.52445 -0.8495 0.048929
0.27795 -0.44577 -0.72204 0.45021
0.45763 -0.25794 -0.41781 0.74126
0.52528 -0.0069667 -0.011284 0.85083
0.46431 0.24572 0.39801 0.75208
0.28967 0.43824 0.70985 0.4692
0.044106 0.52347 0.8479 0.071441
-0.21226 0.48053 0.77835 -0.34381
-0.41665 0.31994 0.51824 -0.67488
-0.51904 0.081024 0.13124 -0.84072
-0.49434 -0.17773 -0.28789 -0.80072
-0.34862 -0.39298 -0.63653 -0.56468
-0.11754 -0.512 -0.82933 -0.19038
0.14232 -0.50568 -0.81908 0.23053
0.36733 -0.37554 -0.60829 0.59499
0.50241 -0.15346 -0.24857 0.81379
0.51448 0.10619 0.17201 0.83334
0.40058 0.33985 0.55048 0.64886
0.18861 0.49029 0.79417 0.30551
-0.069535 0.5207 0.84342 -0.11263
-0.31066 0.42362 0.68617 -0.5032
-0.47572 0.22282 0.36092 -0.77057
-0.52431 -0.032528 -0.052688 -0.84927
-0.44453 -0.27992 -0.4534 -0.72005
-0.25592 -0.45877 -0.7431 -0.41453
-0.0046419 -0.5253 -0.85087 -0.0075188
0.24777 -0.46322 -0.75031 0.40133
0.43952 -0.28773 -0.46605 0.71192
0.52366 -0.041789 -0.067688 0.84821
0.47959 0.21438 0.34725 0.77682
0.3181 0.41806 0.67717 0.51525
0.078726 0.51939 0.84129 0.12752
-0.17992 0.49355 0.79944 -0.29143
-0.39452 0.34687 0.56186 -0.63903
-0.51252 0.11527 0.18671 -0.83017
-0.50504 -0.14456 -0.23415 -0.81805
-0.37391 -0.36899 -0.59768 -0.60565
-0.15123 -0.50308 -0.81488 -0.24497
0.10847 -0.514 -0.83257 0.1757
0.34162 -0.39908 -0.64641 0.55334
0.49112 -0.18644 -0.30199 0.79551
0.52039 0.071839 0.11636 0.84291
0.42224 0.31253 0.50623 0.68394
0.22072 0.47671 0.77216 0.35751
-0.034848 0.52416 0.84903 -0.056446
-0.28188 0.44329 0.71803 -0.45658
-0.4599 0.25388 0.41123 -0.74493
-0.52532 0.002317 0.003753 -0.8509
-0.46212 -0.24982 -0.40465 -0.74853
-0.28578 -0.44079 -0.71398 -0.4629
-0.039471 -0.52384 -0.8485 -0.063934
0.2165 -0.47863 -0.77528 0.35068
0.41947 -0.31624 -0.51224 0.67944
0.51973 -0.076427 -0.12379 0.84185
0.49275 0.1821 0.29497 0.79814
0.34512 0.39605 0.64151 0.55902
0.113 0.51302 0.83098 0.18303
-0.14679 0.5044 0.81701 -0.23777
-0.37064 0.37227 0.603 -0.60036
-0.50375 0.14901 0.24136 -0.81596
-0.51352 -0.11074 -0.17938 -0.83178
-0.39756 -0.34338 -0.5562 -0.64396
-0.18427 -0.49194 -0.79684 -0.29847
0.074141 -0.52006 -0.84239 0.12009
0.3144 -0.42085 -0.68169 0.50925
0.47768 -0.2186 -0.35409 0.77373
0.52401 0.037168 0.060203 0.84877
0.44204 0.28384 0.45976 0.716
0.25185 0.46102 0.74674 0.40793
-7.9177e-06 0.52532 0.8509 -1.2825e-05
-0.25186 0.46101 0.74673 -0.40796
-0.44205 0.28383 0.45973 -0.71602
-0.52401 0.037152 0.060178 -0.84877
-0.47767 -0.21862 -0.35411 -0.77372
0.52532 0 0 -0.8509
0.46101 0.25185 -0.40794 -0.74674
0.28383 0.44204 -0.71601 -0.45975
0.03716 0.52401 -0.84877 -0.060191
-0.21861 0.47767 -0.77372 0.3541
-0.42086 0.31439 -0.50924 0.6817
-0.52006 0.074133 -0.12008 0.84239
-0.49194 -0.18427 0.29848 0.79683
-0.34337 -0.39756 0.64397 0.55619
-0.11074 -0.51352 0.83178 0.17937
0.14901 -0.50374 0.81595 -0.24137
0.37228 -0.37064 0.60035 -0.60301
0.5044 -0.14678 0.23776 -0.81701
0.51302 0.11301 -0.18305 -0.83098
0.39604 0.34513 -0.55903 -0.6415
0.1821 0.49275 -0.79815 -0.29495
-0.076434 0.51973 -0.84185 0.12381
-0.31625 0.41946 -0.67944 0.51225
-0.47864 0.21649 -0.35067 0.77528
-0.52384 -0.039479 0.063946 0.8485
-0.44078 -0.28579 0.46291 0.71397
-0.24981 -0.46212 0.74854 0.40464
0.0023249 -0.52532 0.8509 -0.0037658
0.25389 -0.45989 0.74493 -0.41125
0.4433 -0.28187 0.45657 -0.71804
0.52417 -0.03484 0.056434 -0.84903
0.4767 0.22072 -0.35752 -0.77215
0.31252 0.42225 -0.68394 -0.50622
0.071831 0.52039 -0.84291 -0.11635
-0.18645 0.49112 -0.79551 0.30201
-0.39908 0.34161 -0.55333 0.64642
-0.514 0.10846 -0.17568 0.83257
-0.50308 -0.15124 0.24498 0.81488
-0.36898 -0.37392 0.60566 0.59767
-0.14455 -0.50504 0.81806 0.23414
0.11528 -0.51252 0.83016 -0.18672
0.34688 -0.39451 0.63902 -0.56187
0.49355 -0.17991 0.29142 -0.79945
0.51939 0.078734 -0.12753 -0.84129
0.41806 0.3181 -0.51526 -0.67716
0.21437 0.47959 -0.77683 -0.34724
-0.041796 0.52366 -0.84821 0.067701
-0.28773 0.43951 -0.71191 0.46606
-0.46322 0.24776 -0.40132 0.75032
-0.5253 -0.0046498 0.0075316 0.85087
-0.45877 -0.25592 0.41454 0.7431
-0.27991 -0.44454 0.72005 0.45339
-0.03252 -0.52431 0.84927 0.052675
0.22283 -0.47572 0.77056 -0.36094
0.42362 -0.31065 0.50319 -0.68618
0.5207 -0.069527 0.11262 -0.84342
0.49029 0.18862 -0.30552 -0.79416
0.33984 0.40059 -0.64886 -0.55047
0.10619 0.51448 -0.83334 -0.172
-0.15347 0.50241 -0.81378 0.24858
-0.37555 0.36733 -0.59499 0.6083
-0.50568 0.14231 -0.23051 0.81908
-0.512 -0.11754 0.19039 0.82933
-0.39297 -0.34862 0.56469 0.63652
-0.17773 -0.49434 0.80073 0.28788
0.081032 -0.51903 0.84072 -0.13125
0.31995 -0.41665 0.67487 -0.51825
0.48053 -0.21225 0.3438 -0.77836
0.52347 0.044114 -0.071454 -0.8479
0.43824 0.28968 -0.46921 -0.70984
0.24571 0.46432 -0.75209 -0.39799
-0.0069746 0.52528 -0.85083 0.011297
-0.25795 0.45763 -0.74126 0.41782
-0.44577 0.27794 -0.4502 0.72205
-0.52445 0.030199 -0.048916 0.8495
-0.47473 -0.22493 0.36434 0.76895
-0.30878 -0.425 0.6884 0.50015
-0.067222 -0.521 0.84391 0.10888
0.19079 -0.48945 0.7928 -0.30904
0.40209 -0.33806 0.54759 -0.65129
0.51494 -0.10391 0.16831 -0.83409
0.50172 0.15569 -0.25218 -0.81268
0.36566 0.37717 -0.61093 -0.59229
0.14007 0.5063 -0.8201 -0.22689
-0.11981 0.51148 -0.82848 0.19406
-0.35036 0.39142 -0.63402 0.5675
-0.49513 0.17554 -0.28433 0.80199
-0.51867 -0.083328 0.13497 0.84013
-0.41523 -0.32179 0.52123 0.67257
-0.21012 -0.48147 0.77987 0.34035
0.04643 -0.52327 0.84757 -0.075206
0.29161 -0.43695 0.70776 -0.47235
0.4654 -0.24365 0.39466 -0.75384
0.52524 0.0092992 -0.015063 -0.85077
0.45648 0.25997 -0.4211 -0.7394
0.27596 0.447 -0.72404 -0.447
0.027878 0.52458 -0.8497 -0.045156
-0.22703 0.47373 -0.76733 0.36774
-0.42636 0.30689 -0.49709 0.6906
-0.5213 0.064916 -0.10515 0.84438
-0.4886 -0.19295 0.31254 0.79143
-0.33628 -0.40358 0.65371 0.5447
-0.10163 -0.5154 0.83483 0.16461
0.15791 -0.50103 0.81155 -0.25578
0.37878 -0.36399 0.58958 -0.61354
0.50692 -0.13783 0.22326 -0.82109
0.51094 0.12207 -0.19773 -0.82761
0.38987 0.35209 -0.5703 -0.6315
0.17334 0.4959 -0.80324 -0.28078
-0.085623 0.5183 -0.83952 0.13869
-0.32363 0.4138 -0.67026 0.5242
-0.48239 0.20799 -0.33689 0.78137
-0.52306 -0.048745 0.078956 0.84723
-0.43565 -0.29354 0.47548 0.70566
-0.24159 -0.46647 0.75558 0.39132
0.011624 -0.52519 0.8507 -0.018828
0.26199 -0.45533 0.73753 -0.42437
0.44822 -0.27398 0.44379 -0.72601
0.5247 -0.025556 0.041395 -0.8499
0.47272 0.22913 -0.37113 -0.7657
0.305 0.42771 -0.6928 -0.49403
0.062608 0.52158 -0.84484 -0.10141
-0.19511 0.48774 -0.79003 0.31604
-0.40507 0.33449 -0.5418 0.65611
-0.51584 0.099346 -0.16092 0.83555
-0.50032 -0.16012 0.25936 0.81041
-0.36231 -0.38039 0.61615 0.58686
-0.13559 -0.50752 0.82207 0.21962
0.12433 -0.5104 0.82673 -0.20139
0.35381 -0.38831 0.62897 -0.57309
0.49666 -0.17115 0.27722 -0.80448
0.51791 0.087916 -0.1424 -0.8389
0.41236 0.32545 -0.52716 -0.66793
0.20585 0.48331 -0.78285 -0.33343
-0.05106 0.52283 -0.84687 0.082705
-0.29547 0.43435 -0.70355 0.47859
-0.46754 0.23952 -0.38797 0.75731
-0.52514 -0.013948 0.022592 0.8506
-0.45416 -0.264 0.42763 0.73564
-0.272 -0.44942 0.72796 0.44057
-0.023234 -0.52481 0.85007 0.037633
0.23122 -0.4717 0.76405 -0.37452
0.42906 -0.30311 0.49096 -0.69498
0.52185 -0.060299 0.097671 -0.84528
0.48688 0.19727 -0.31953 -0.78863
0.3327 0.40654 -0.65851 -0.53889
0.097062 0.51628 -0.83625 -0.15722
-0.16234 0.49961 -0.80926 0.26295
-0.38199 0.36062 -0.58412 0.61874
-0.50812 0.13334 -0.21598 0.82304
-0.50984 -0.12659 0.20505 0.82583
-0.38674 -0.35552 0.57587 0.62643
-0.16895 -0.49741 0.8057 0.27366
0.090207 -0.51752 0.83826 -0.14611
0.32728 -0.41092 0.6656 -0.53011
0.48422 -0.20371 0.32996 -0.78432
0.5226 0.053373 -0.086452 -0.8465
0.43304 0.29739 -0.4817 -0.70143
0.23745 0.46859 -0.75902 -0.38462
-0.016272 0.52507 -0.8505 0.026357
-0.26601 0.45299 -0.73374 0.43088
-0.45062 0.27 -0.43735 0.72991
-0.52491 0.020911 -0.033871 0.85023
-0.47067 -0.2333 0.3779 0.76238
-0.3012 -0.43039 0.69714 0.48788
-0.057989 -0.52211 0.8457 0.093929
0.19942 -0.486 0.78721 -0.32302
0.40801 -0.33089 0.53597 -0.66088
0.5167 -0.094776 0.15352 -0.83694
0.49889 0.16455 -0.26653 -0.80808
0.35893 0.38358 -0.62132 -0.58138
0.13109 0.5087 -0.82398 -0.21233
-0.12884 0.50928 -0.82491 0.2087
-0.35723 0.38516 -0.62387 0.57863
-0.49816 0.16674 -0.27009 0.8069
-0.51711 -0.092496 0.14982 0.83761
-0.40947 -0.32909 0.53305 0.66324
-0.20157 -0.48511 0.78577 0.32649
0.055685 -0.52236 0.84611 -0.090198
0.2993 -0.43172 0.69929 -0.4848
0.46964 -0.23538 0.38126 -0.76071
0.52499 0.018596 -0.030121 -0.85037
0.45181 0.26801 -0.43412 -0.73183
0.26801 0.45181 -0.73184 -0.43411
0.018588 0.52499 -0.85037 -0.030108
-0.23538 0.46964 -0.7607 0.38127
-0.43172 0.2993 -0.48479 0.6993
-0.52236 0.055678 -0.090185 0.84611
-0.48511 -0.20157 0.3265 0.78577
-0.32909 -0.40947 0.66325 0.53304
-0.092489 -0.51712 0.83761 0.14981
0.16675 -0.49815 0.8069 -0.2701
0.38517 -0.35723 0.57862 -0.62388
0.50928 -0.12884 0.20869 -0.82492
0.5087 0.1311 -0.21235 -0.82398
0.38358 0.35893 -0.58139 -0.62131
0.16454 0.49889 -0.80809 -0.26652
-0.094784 0.5167 -0.83694 0.15353
-0.3309 0.40801 -0.66088 0.53598
-0.486 0.19942 -0.32301 0.78721
-0.52211 -0.057997 0.093942 0.8457
-0.43039 -0.30121 0.48789 0.69714
-0.2333 -0.47068 0.76239 0.37789
0.020919 -0.52491 0.85023 -0.033884
0.27001 -0.45062 0.7299 -0.43736
0.453 -0.26601 0.43087 -0.73375
0.52507 -0.016264 0.026344 -0.8505
0.46859 0.23746 -0.38463 -0.75901
0.29738 0.43304 -0.70143 -0.48169
0.053365 0.5226 -0.8465 -0.08644
-0.20372 0.48421 -0.78432 0.32998
-0.41092 0.32727 -0.5301 0.6656
-0.51752 0.090199 -0.1461 0.83827
-0.49741 -0.16896 0.27367 0.80569
-0.35552 -0.38674 0.62644 0.57586
-0.12658 -0.50984 0.82583 0.20503
0.13335 -0.50812 0.82303 -0.21599
0.36063 -0.38198 0.61873 -0.58413
0.49961 -0.16233 0.26294 -0.80926
0.51628 0.09707 -0.15723 -0.83625
0.40654 0.3327 -0.5389 -0.6585
0.19726 0.48688 -0.78863 -0.31952
-0.060307 0.52185 -0.84528 0.097684
-0.30311 0.42905 -0.69497 0.49097
-0.4717 0.23121 -0.37451 0.76406
-0.52481 -0.023242 0.037646 0.85007
-0.44942 -0.272 0.44058 0.72796
-0.264 -0.45417 0.73565 0.42762
-0.01394 -0.52514 0.8506 0.02258
0.23953 -0.46753 0.7573 -0.38799
0.43436 -0.29546 0.47858 -0.70356
0.52284 -0.051052 0.082692 -0.84688
0.48331 0.20586 -0.33344 -0.78285
0.32545 0.41237 -0.66794 -0.52715
0.087908 0.51791 -0.83891 -0.14239
-0.17116 0.49666 -0.80447 0.27723
-0.38831 0.3538 -0.57308 0.62898
-0.5104 0.12432 -0.20138 0.82673
-0.50752 -0.13559 0.21963 0.82207
-0.38038 -0.36231 0.58687 0.61614
-0.16012 -0.50033 0.81042 0.25935
0.099354 -0.51584 0.83555 -0.16093
0.3345 -0.40506 0.65611 -0.54181
0.48775 -0.19511 0.31603 -0.79004
0.52158 0.062616 -0.10142 -0.84484
0.42771 0.30501 -0.49404 -0.69279
0.22912 0.47272 -0.76571 -0.37112
-0.025564 0.5247 -0.8499 0.041408
-0.27399 0.44821 -0.726 0.4438
-0.45533 0.26198 -0.42436 0.73754
-0.52519 0.011616 -0.018815 0.8507
-0.46647 -0.2416 0.39133 0.75558
-0.29354 -0.43566 0.70567 0.47546
-0.048737 -0.52306 0.84723 0.078944
0.208 -0.48239 0.78136 -0.33691
0.4138 -0.32362 0.52419 -0.67027
0.5183 -0.085615 0.13868 -0.83953
0.4959 0.17335 -0.28079 -0.80324
0.35208 0.38988 -0.63151 -0.57029
0.12206 0.51094 -0.82761 -0.19772
-0.13784 0.50692 -0.82109 0.22327
-0.36399 0.37878 -0.61353 0.58959
-0.50103 0.1579 -0.25576 0.81156
-0.5154 -0.10164 0.16463 0.83483
-0.40358 -0.33629 0.54471 0.6537
-0.19295 -0.48861 0.79143 0.31253
0.064924 -0.52129 0.84438 -0.10516
0.3069 -0.42635 0.6906 -0.49711
0.47373 -0.22703 0.36773 -0.76734
0.52458 0.027886 -0.045169 -0.8497
0.44699 0.27597 -0.44701 -0.72403
0.25997 0.45649 -0.73941 -0.42109
0.0092913 0.52524 -0.85077 -0.01505
-0.24366 0.4654 -0.75384 0.39467
-0.43695 0.29161 -0.47234 0.70777
-0.52327 0.046422 -0.075193 0.84757
-0.48147 -0.21013 0.34036 0.77987
-0.32179 -0.41523 0.67258 0.52122
-0.08332 -0.51867 0.84013 0.13496
0.17554 -0.49512 0.80199 -0.28434
0.39143 -0.35035 0.56749 -0.63403
0.51148 -0.1198 0.19405 -0.82848
0.5063 0.14008 -0.2269 -0.82009
0.37716 0.36567 -0.5923 -0.61092
0.15568 0.50172 -0.81268 -0.25217
-0.10392 0.51494 -0.83409 0.16832
-0.33807 0.40208 -0.65129 0.5476
-0.48945 0.19078 -0.30902 0.79281
-0.521 -0.06723 0.1089 0.84391
-0.42499 -0.30878 0.50016 0.68839
-0.22493 -0.47473 0.76896 0.36433
0.030207 -0.52445 0.8495 -0.048929
0.27795 -0.44577 0.72204 -0.45021
0.45763 -0.25794 0.41781 -0.74126
0.52528 -0.0069667 0.011284 -0.85083
0.46431 0.24572 -0.39801 -0.75208
0.28967 0.43824 -0.70985 -0.4692
0.044106 0.52347 -0.8479 -0.071441
-0.21226 0.48053 -0.77835 0.34381
-0.41665 0.31994 -0.51824 0.67488
-0.51904 0.081024 -0.13124 0.84072
-0.49434 -0.17773 0.28789 0.80072
-0.34862 -0.39298 0.63653 0.56468
-0.11754 -0.512 0.82933 0.19038
0.14232 -0.50568 0.81908 -0.23053
0.36733 -0.37554 0.60829 -0.59499
0.50241 -0.15346 0.24857 -0.81379
0.51448 0.10619 -0.17201 -0.83334
0.40058 0.33985 -0.55048 -0.64886
0.18861 0.49029 -0.79417 -0.30551
-0.069535 0.5207 -0.84342 0.11263
-0.31066 0.42362 -0.68617 0.5032
-0.47572 0.22282 -0.36092 0.77057
-0.52431 -0.032528 0.052688 0.84927
-0.44453 -0.27992 0.4534 0.72005
-0.25592 -0.45877 0.7431 0.41453
-0.0046419 -0.5253 0.85087 0.0075188
0.24777 -0.46322 0.75031 -0.40133
0.43952 -0.28773 0.46605 -0.71192
0.52366 -0.041789 0.067688 -0.84821
0.47959 0.21438 -0.34725 -0.77682
0.3181 0.41806 -0.67717 -0.51525
0.078726 0.51939 -0.84129 -0.12752
-0.17992 0.49355 -0.79944 0.29143
-0.39452 0.34687 -0.56186 0.63903
-0.51252 0.11527 -0.18671 0.83017
-0.50504 -0.14456 0.23415 0.81805
-0.37391 -0.36899 0.59768 0.60565
-0.15123 -0.50308 0.81488 0.24497
0.10847 -0.514 0.83257 -0.1757
0.34162 -0.39908 0.64641 -0.55334
0.49112 -0.18644 0.30199 -0.79551
0.52039 0.071839 -0.11636 -0.84291
0.42224 0.31253 -0.50623 -0.68394
0.22072 0.47671 -0.77216 -0.35751
-0.034848 0.52416 -0.84903 0.056446
-0.28188 0.44329 -0.71803 0.45658
-0.4599 0.25388 -0.41123 0.74493
-0.52532 0.002317 -0.003753 0.8509
-0.46212 -0.24982 0.40465 0.74853
-0.28578 -0.44079 0.71398 0.4629
-0.039471 -0.52384 0.8485 0.063934
0.2165 -0.47863 0.77528 -0.35068
0.41947 -0.31624 0.51224 -0.67944
0.51973 -0.076427 0.12379 -0.84185
0.49275 0.1821 -0.29497 -0.79814
0.34512 0.39605 -0.64151 -0.55902
0.113 0.51302 -0.83098 -0.18303
-0.14679 0.5044 -0.81701 0.23777
-0.37064 0.37227 -0.603 0.60036
-0.50375 0.14901 -0.24136 0.81596
-0.51352 -0.11074 0.17938 0.83178
-0.39756 -0.34338 0.5562 0.64396
-0.18427 -0.49194 0.79684 0.29847
0.074141 -0.52006 0.84239 -0.12009
0.3144 -0.42085 0.68169 -0.50925
0.47768 -0.2186 0.35409 -0.77373
0.52401 0.037168 -0.060203 -0.84877
0.44204 0.28384 -0.45976 -0.716
0.25185 0.46102 -0.74674 -0.40793
-7.9177e-06 0.52532 -0.8509 1.2825e-05
-0.25186 0.46101 -0.74673 0.40796
-0.44205 0.28383 -0.45973 0.71602
-0.52401 0.037152 -0.060178 0.84877
-0.47767 -0.21862 0.35411 0.77372
