   1.5707963e+00
   2.1642073e+00
   2.0595875e+00
  -1.6930581e+00
   3.0018845e+00
  -1.2042966e+00
  -1.5184671e+00
  -1.2391970e+00
   6.4577800e-01
  -1.3788750e+00
   7.5050217e-01
   6.9813536e-02
  -2.2689545e+00
  -2.7576275e+00
   5.7594044e-01
   9.0761786e-01
  -2.4958146e+00
   1.6755016e+00
  -8.2036632e-01
   1.7399561e-02
  -1.4835137e+00
   1.9189441e-01
  -1.3970816e-01
  -2.1466662e+00
   1.9023957e+00
   2.8971988e+00
  -5.7594044e-01
   4.1883436e-01
   4.7133110e-01
  -8.0279794e-01
   6.6329743e-01
   1.6055877e+00
   2.8449006e+00
  -1.6055877e+00
  -1.6406702e+00
   2.7924220e+00
  -1.7977019e+00
  -1.8325913e+00
   8.7223210e-02
   2.5133333e+00
   2.5656522e+00
  -6.9813536e-02
   1.8500303e+00
  -1.1692933e+00
  -2.0938747e-01
   2.7227583e+00
   2.4958146e+00
  -2.6180173e+00
  -7.6792055e-01
  -1.6231256e+00
   7.8541311e-01
  -6.9808880e-01
  -2.1119330e+00
  -4.1883436e-01
   1.3265242e+00
   1.9547150e+00
   2.0943697e+00
   1.2042966e+00
  -1.7452531e+00
  -2.8622956e+00
   1.5716391e-01
  -2.0769783e+00
  -1.9189441e-01
   2.0246696e+00
  -1.2740024e+00
  -7.1555169e-01
  -6.2825933e-01
  -7.8541311e-01
  -6.4577800e-01
   1.2208039e-01
  -1.1868777e+00
  -2.2339748e+00
  -2.4608995e+00
   7.1555169e-01
   2.7929707e-01
   8.2036632e-01
   5.2403729e-02
   8.0279794e-01
  -2.7053394e+00
   2.2515074e+00
   1.1169230e+00
   4.3625323e-01
   2.1466662e+00
   1.3438908e+00
   2.7400942e+00
  -2.6702616e+00
   7.3308410e-01
   1.0465103e-01
  -4.3625323e-01
  -5.2403729e-02
  -1.8500303e+00
   2.2339748e+00
  -4.0149842e-01
   4.0149842e-01
   1.8325913e+00
   2.4608995e+00
   2.1119330e+00
  -1.4660911e+00
   2.8798335e+00
  -3.1408754e-01
  -8.5519151e-01
  -2.2864011e+00
   1.6930581e+00
  -1.2217141e+00
  -9.7738539e-01
   1.8675903e+00
  -1.3265242e+00
  -2.0595875e+00
   2.4782952e+00
  -1.2208039e-01
   2.6354347e+00
  -4.8864763e-01
  -5.4099438e-01
  -9.9492649e-01
  -2.4782952e+00
   1.7977019e+00
  -1.9372961e+00
  -1.3963395e+00
  -2.4085086e+00
  -2.6877251e+00
   1.1518198e+00
  -1.0996018e+00
   3.6643285e-01
   3.3171115e-01
   3.1408754e-01
  -2.6529450e+00
  -2.3910905e+00
   2.1990920e+00
   2.5831802e+00
   2.4435039e+00
   5.5841243e-01
  -9.4250065e-01
  -2.3561795e+00
   2.9496982e+00
   2.0071372e+00
   3.8396515e-01
   1.2391970e+00
  -1.0646143e+00
   1.1692933e+00
   3.1415927e+00
   1.5532604e+00
   8.7263811e-01
  -1.5360049e+00
  -1.4138034e+00
  -1.9023957e+00
  -2.9147126e+00
  -3.4999927e-02
   1.2915624e+00
   2.1815604e+00
  -2.3039459e+00
  -1.7803355e+00
   9.7738539e-01
  -1.7103483e+00
  -1.8849118e+00
  -1.3612571e+00
  -2.5831802e+00
  -2.7929707e-01
  -6.6329743e-01
  -2.3736721e+00
   2.0769783e+00
   2.9669205e-01
   9.9492649e-01
  -9.2505908e-01
  -1.6755016e+00
  -1.8675903e+00
   2.6180173e+00
   2.2165336e+00
   1.4485346e+00
  -2.5481238e+00
   8.3764673e-01
  -8.3764673e-01
  -2.5133333e+00
   1.2217141e+00
  -2.4260410e+00
   2.9147126e+00
  -3.1065927e+00
  -1.4312444e+00
   1.7277892e+00
  -2.1292994e+00
   1.0296596e+00
   3.1065927e+00
   2.6005983e+00
  -3.4917061e-01
   2.4260410e+00
  -2.9322052e+00
   1.4660911e+00
   2.5481238e+00
  -2.0419908e+00
   6.9808880e-01
  -2.9844287e+00
   8.5519151e-01
  -5.0615798e-01
   0.0000000e+00
  -1.2566809e+00
   3.0369416e+00
  -6.8069318e-01
   5.4099438e-01
  -2.8971988e+00
   1.2566809e+00
  -1.6580790e+00
   2.6702616e+00
   5.9346884e-01
  -8.7263811e-01
   2.9844287e+00
   3.0195123e+00
  -1.2915624e+00
   2.2864011e+00
  -1.1169230e+00
   1.3963395e+00
   4.8864763e-01
   1.0820052e+00
  -2.3387947e+00
   1.5184671e+00
  -2.9669725e+00
  -5.9346884e-01
  -3.1241931e+00
  -2.3212263e+00
  -5.2357535e-01
  -2.9496982e+00
  -2.1642073e+00
   1.3970816e-01
   1.7627177e+00
  -2.8798335e+00
   1.5009224e+00
   1.9372961e+00
  -1.5009224e+00
  -6.1086437e-01
  -3.0018845e+00
  -2.7924220e+00
  -1.0296596e+00
   2.3387947e+00
   1.0472230e+00
  -2.6175916e-01
   1.8150685e+00
  -1.9547150e+00
   2.3910905e+00
   2.3561795e+00
   1.3090013e+00
   5.0615798e-01
  -3.0717791e+00
   6.2825933e-01
   2.9322052e+00
   2.8622956e+00
   3.4917061e-01
  -2.0943697e+00
   9.2505908e-01
   6.8069318e-01
   1.9897729e+00
   1.6580790e+00
   2.2688004e-01
  -3.3171115e-01
   3.0891889e+00
   2.5307283e+00
   5.2357535e-01
   2.7576275e+00
  -2.1815604e+00
  -3.8396515e-01
   2.4085086e+00
  -1.0122932e+00
   2.8098815e+00
  -3.0891889e+00
  -1.1518198e+00
   1.7803355e+00
  -7.5050217e-01
  -1.9897729e+00
   2.9669725e+00
  -2.0071372e+00
   1.4312444e+00
   1.5360049e+00
  -2.8275051e+00
   2.3212263e+00
  -8.9008522e-01
  -2.2688004e-01
   7.6792055e-01
  -3.0543694e+00
   2.3039459e+00
  -4.7133110e-01
  -2.5307283e+00
  -1.7399561e-02
  -1.3438908e+00
  -1.5716391e-01
  -1.9722994e+00
   2.3736721e+00
   1.0646143e+00
   1.4138034e+00
  -2.7400942e+00
   9.4250065e-01
  -3.0369416e+00
   1.9198786e+00
  -1.4485346e+00
  -1.3090013e+00
  -9.6003225e-01
   2.7053394e+00
   1.7462018e-01
   1.3788750e+00
   1.0122932e+00
  -2.2515074e+00
  -1.1344555e+00
  -2.1990920e+00
   3.1241931e+00
  -1.8150685e+00
  -1.5707963e+00
   2.6529450e+00
   1.4835137e+00
   2.6175916e-01
  -5.5841243e-01
  -2.8098815e+00
  -1.7277892e+00
  -2.4435039e+00
  -1.5532604e+00
  -1.7627177e+00
   1.6231256e+00
  -2.8449006e+00
   2.6877251e+00
   1.7452531e+00
  -2.9669205e-01
   3.0717791e+00
   4.5386752e-01
   1.1868777e+00
  -1.5883323e+00
  -3.6643285e-01
  -2.7227583e+00
   1.6406702e+00
   6.1086437e-01
   1.3612571e+00
   3.4999927e-02
   2.0419908e+00
   2.4439382e-01
   1.1344555e+00
   2.2689545e+00
   2.0938747e-01
   2.8275051e+00
  -3.0195123e+00
   9.6003225e-01
  -7.3308410e-01
  -2.0246696e+00
   2.1292994e+00
  -2.6354347e+00
  -1.7462018e-01
  -2.2165336e+00
   1.2740024e+00
   1.7103483e+00
   3.0543694e+00
   2.7751598e+00
   1.5883323e+00
  -2.6005983e+00
  -1.0820052e+00
   1.0996018e+00
  -2.4439382e-01
  -1.9198786e+00
  -1.0465103e-01
   8.9008522e-01
  -9.0761786e-01
  -1.0472230e+00
  -2.5656522e+00
  -8.7223210e-02
  -2.7751598e+00
   1.8849118e+00
   1.9722994e+00
  -4.5386752e-01
