  -1.3891012e-01
  -3.4614655e-01
  -1.0161395e+00
  -2.7830677e-01
  -1.1096515e+00
  -3.6357062e-01
  -6.6196757e-01
  -5.8011666e-01
  -7.2283159e-01
  -1.2641214e+00
  -2.5801149e-02
  -1.0890022e+00
  -1.0676669e+00
  -1.2448828e-01
  -6.0858563e-01
  -9.7398561e-01
  -5.5239609e-01
  -5.2408969e-02
  -3.5203241e-01
  -5.8530811e-01
  -4.3707757e-01
  -7.9885902e-01
  -3.3273044e-01
  -9.5019430e-01
  -5.2668027e-01
  -6.7449167e-01
  -6.5615831e-02
  -9.6593775e-01
  -9.5439674e-01
  -1.8323895e-01
  -3.6317723e-01
  -1.0618357e+00
  -9.0493479e-01
  -1.7621396e-01
  -9.3445082e-01
  -8.6467587e-01
  -9.4250065e-01
  -5.8212670e-02
  -2.5064485e-01
  -3.2299812e-01
  -5.9580675e-01
  -4.8966629e-01
  -9.2103406e-01
  -5.8530811e-01
  -1.2007192e-01
  -9.6718616e-01
  -1.0936668e+00
  -9.9787940e-01
  -7.9975162e-01
  -9.3471949e-01
  -8.5232811e-01
  -9.5851333e-01
  -8.8364497e-01
  -8.5769118e-01
  -1.0752823e+00
  -5.5923653e-01
  -1.9599373e-02
  -9.8284394e-01
  -7.5373331e-01
  -6.3186377e-01
  -8.9115996e-01
  -8.6888044e-01
  -8.2653870e-01
  -7.1878199e-01
  -9.8427948e-01
  -1.0099623e+00
  -2.6275059e-01
   7.1999689e-03
  -8.4928253e-01
  -6.1984779e-01
  -3.1122839e-01
  -1.9551626e-01
  -8.4418505e-01
  -1.0011037e+00
  -8.8722186e-01
  -7.6818092e-01
  -1.1986030e-01
  -1.0337776e+00
  -7.7616623e-01
  -1.0776147e+00
  -5.5151740e-01
  -2.7768484e-01
  -9.8194989e-01
   5.9206388e-02
  -5.1173619e-01
  -3.0336749e-01
  -1.0079032e+00
  -1.9308882e-01
  -5.0145396e-01
  -9.1504080e-01
  -1.1692933e+00
  -2.4017639e-01
  -8.5527445e-01
  -3.2503646e-01
  -2.0496952e-01
  -2.7972103e-01
  -2.9182665e-01
  -7.9302844e-01
   7.2411809e-02
  -1.2343144e+00
  -2.9991595e-01
  -1.3430712e-01
  -4.9170346e-01
  -8.3415403e-01
  -1.7501864e-01
   1.0985434e-01
  -3.0455363e-01
   8.8430816e-02
  -1.1684053e+00
  -1.0264334e-01
  -7.3397432e-01
  -9.5466626e-01
  -9.2640076e-01
  -7.5499628e-01
  -4.9752460e-01
  -2.9203765e-02
  -3.0133008e-01
  -9.2398559e-01
  -1.0167610e+00
   1.0543940e-01
  -9.7569091e-01
  -5.9239564e-01
  -6.1440765e-01
  -9.2282295e-01
  -1.0764678e-01
  -2.8090925e-01
  -7.9621640e-02
  -9.7872651e-01
  -3.3759659e-01
   8.8621765e-02
  -9.0404045e-01
  -3.0376290e-01
  -9.6862052e-01
  -2.4883402e-01
  -6.5298870e-01
  -1.3130032e-01
  -9.9107957e-01
  -7.3271065e-01
  -1.1866000e+00
  -1.6560144e-01
  -2.3332949e-01
  -9.0877971e-01
  -1.1530942e+00
  -5.0577072e-01
  -4.9029688e-01
  -7.0700798e-01
   3.1999973e-03
  -1.7342470e-01
  -2.4662619e-01
  -3.1734212e-01
  -7.9733593e-01
  -1.0413930e+00
  -1.3430712e-01
  -9.9107957e-01
  -4.2606337e-02
  -2.7728869e-01
  -1.1105248e-01
  -1.1545364e+00
  -1.0805646e+00
  -8.6163062e-01
  -3.4976146e-01
  -4.6478098e-01
  -5.0057979e-01
  -9.7452630e-01
  -9.3471949e-01
  -8.6467587e-01
   9.1999351e-03
  -6.4489246e-01
  -9.2371740e-01
  -4.8331154e-01
  -5.6670829e-01
  -8.2832539e-01
  -1.1839932e+00
  -9.6620778e-01
  -2.8435980e-01
  -1.1981372e+00
  -3.1915110e-01
  -9.1450527e-01
  -1.2064597e+00
   3.8003027e-02
  -5.4516993e-01
  -1.9591435e-01
  -9.2076602e-01
  -1.0898937e+00
  -8.4534309e-01
  -8.6110016e-01
  -8.4292652e-01
  -7.5625917e-01
  -2.9465496e-01
  -6.1908585e-01
  -6.0896725e-01
  -9.4938635e-01
  -1.9852139e-01
  -8.8748835e-01
  -5.6050030e-01
  -7.1410021e-01
  -8.0925838e-01
  -8.4355581e-01
  -2.9606910e-01
  -7.0916124e-01
  -6.6589248e-01
  -9.0556180e-01
  -8.5259290e-01
  -1.7744458e-01
  -9.8723253e-01
  -3.2950819e-01
  -9.5260806e-01
  -9.7273787e-01
  -7.8262831e-01
  -8.4226021e-02
  -4.5449712e-01
  -8.8569978e-01
   6.6006361e-03
  -8.7103127e-01
  -3.0517701e-01
  -1.5999659e-02
  -6.9258653e-01
  -3.1530405e-01
  -3.3799089e-01
  -3.4630911e-01
  -5.2997818e-01
   1.0985434e-01
  -2.8679235e-01
  -9.6146616e-01
  -5.9201306e-01
  -7.5347375e-01
  -9.0368061e-01
  -1.8146464e-01
  -9.0162464e-01
  -2.9363649e-01
  -5.3846795e-01
  -9.2255483e-01
  -9.8311465e-01
  -8.1829282e-01
  -2.2727745e-01
  -9.4670340e-01
  -6.3999782e-03
  -3.3476912e-01
  -7.2535929e-01
  -9.0913910e-01
  -3.2786427e-01
  -7.6766021e-01
  -9.2702689e-01
  -3.1208077e-01
  -2.5793909e-01
  -6.1883443e-01
   1.2799825e-02
  -7.4270416e-01
  -1.7581553e-01
  -6.0226201e-01
  -9.9931598e-01
  -7.5417051e-02
  -5.7239634e-01
  -9.5851333e-01
  -6.6880020e-01
  -3.1852698e-01
  -8.0064426e-01
  -4.8534915e-01
  -2.7406403e-01
  -9.7246758e-01
   6.5615831e-02
  -1.0384411e+00
  -1.4332742e-01
  -8.8212285e-01
  -6.5437882e-01
  -4.6807933e-01
  -9.8284394e-01
  -2.2710141e-01
  -8.0621224e-01
  -1.0743903e+00
  -7.0413158e-02
  -2.9527783e-01
  -3.7721950e-01
  -7.8199737e-01
  -1.7121556e-01
  -6.1314291e-01
  -8.2044608e-01
  -8.1587647e-01
  -7.5588742e-01
  -5.9113123e-01
  -3.0964767e-01
  -7.3118861e-01
  -1.2070161e+00
  -7.9239773e-01
   8.8621765e-02
  -9.7157338e-01
  -8.5500952e-01
  -4.7938260e-01
  -7.7779849e-01
  -8.1078145e-01
  -4.3601813e-02
  -4.8103185e-01
  -9.6799638e-01
  -8.5133481e-01
  -2.1742726e-01
  -1.0857783e+00
  -1.2136696e+00
  -3.5219429e-01
  -3.1490900e-01
  -1.0431050e+00
  -1.6317664e-01
  -7.0574372e-01
  -9.7067915e-01
  -7.7590542e-01
  -1.3891012e-01
  -9.7747929e-01
  -9.5913795e-01
  -1.6158191e-01
  -7.0283951e-01
  -9.5583021e-01
  -5.0184145e-01
  -5.0043555e-01
  -7.9555099e-01
  -3.5627248e-01
  -9.3686538e-01
  -9.4634737e-01
  -5.4909904e-01
  -7.8110530e-01
  -7.9329018e-01
  -1.0883854e+00
  -1.1819959e+00
  -1.1730654e+00
  -4.4790167e-01
  -5.8758755e-01
  -7.6855176e-01
  -1.0554579e+00
  -6.0605609e-01
  -9.4903058e-01
  -1.0503999e-01
   3.5999961e-03
  -7.5094766e-01
  -4.4217524e-01
  -1.3731391e-01
  -8.1409040e-01
  -9.3087303e-01
  -9.3802857e-01
  -1.0081749e+00
  -7.0574372e-01
  -2.2727745e-01
  -2.1239185e-01
  -8.7192530e-01
  -9.3775977e-01
  -3.2181363e-01
  -7.6855176e-01
  -8.6623803e-02
  -7.9607472e-01
  -5.8138099e-01
  -7.8998224e-01
  -9.5645497e-01
  -9.5323294e-01
  -1.0345957e+00
  -6.2048018e-01
  -8.9500389e-01
  -8.7040291e-01
  -7.1789245e-01
  -8.0038213e-01
  -3.1083325e-01
  -7.9176699e-01
  -2.7808097e-01
  -3.1530405e-01
  -8.4166782e-01
  -7.2435335e-01
  -6.5336758e-01
  -9.3834383e-02
  -9.4339505e-01
  -1.0729499e+00
  -7.7984333e-01
  -3.3092210e-01
  -7.9621640e-02
  -2.1499821e-01
  -8.6073666e-01
  -1.0099623e+00
  -3.3273044e-01
  -7.9670534e-01
  -4.9383818e-01
  -4.7404615e-01
  -9.1182216e-01
  -5.7885237e-01
  -3.1569907e-01
  -8.8222186e-02
  -7.0013411e-02
   5.3403329e-02
  -5.4783552e-01
  -5.8327759e-01
  -3.3414420e-01
  -9.9554917e-01
  -4.8762893e-01
  -8.3441791e-01
  -6.3376113e-01
  -1.1000474e+00
  -3.5956388e-01
  -8.4686597e-01
  -1.9370531e-01
  -8.5259290e-01
  -9.9846875e-02
  -5.9555686e-01
   8.8430816e-02
  -8.4686597e-01
  -9.7604423e-01
  -8.0647467e-01
  -3.2339289e-01
  -7.2093565e-01
  -3.1326614e-01
  -8.4991161e-01
  -1.0149740e+00
  -2.8254955e-01
   1.2387701e-01
  -2.4398790e-02
  -5.6758822e-01
  -6.6664852e-01
  -7.9518222e-01
  -8.5322188e-01
  -8.1078145e-01
  -6.1718850e-01
  -8.3719998e-01
  -9.5081934e-01
   7.6616157e-02
  -8.3809348e-01
  -9.6092654e-01
  -3.0336749e-01
  -8.5805495e-01
  -7.1751793e-01
  -9.5144431e-01
  -3.2260331e-01
  -1.0223168e+00
  -5.8612529e-02
  -3.3273044e-01
  -8.9473704e-01
  -4.7600532e-02
  -8.4812425e-01
  -3.2017019e-01
  -9.9671426e-01
  -6.1756961e-01
  -3.4654059e-01
  -7.4979736e-01
  -1.2989023e-01
  -9.7336177e-01
  -9.2027089e-02
  -2.0236248e-01
  -3.6505616e-01
   8.3618178e-02
  -6.7614813e-02
  -8.8659406e-01
  -2.6601092e-02
  -8.3027039e-02
  -9.2881572e-01
  -1.2308734e+00
   1.3630257e-01
  -8.0710500e-01
  -6.0454089e-01
  -8.1739968e-01
  -2.0293918e-01
  -1.3891012e-01
  -1.0273281e+00
  -5.8138099e-01
  -9.2496985e-01
  -5.5011582e-01
  -8.5858513e-01
  -7.6513523e-01
  -7.4663948e-01
  -8.1624363e-01
  -1.0175772e+00
  -9.3713414e-01
  -9.4992496e-01
  -1.9999993e-03
  -2.9386361e-01
  -3.0297207e-01
  -3.1711305e-01
  -9.7363210e-01
  -9.4366410e-01
  -8.8990469e-01
  -1.1326018e-01
  -1.1021046e+00
  -2.9567348e-01
  -8.6189589e-01
  -1.0445130e-01
  -8.1713667e-01
  -4.9728152e-01
   1.3130032e-01
  -8.0253571e-01
  -8.3173763e-01
  -3.0438628e-01
  -5.3403329e-02
  -1.0621806e+00
  -1.0752823e+00
  -7.6019567e-01
  -9.5081934e-01
  -9.7810293e-01
  -9.6862052e-01
  -7.4816194e-01
  -6.3439359e-01
  -7.5157921e-01
  -9.7273787e-01
  -4.8408826e-01
  -7.4879355e-01
  -6.2111257e-01
  -9.6236051e-01
  -7.0764008e-01
  -9.2040764e-01
  -1.0328844e+00
   1.1365953e-01
  -8.5232811e-01
  -7.6513523e-01
  -3.4410747e-01
  -4.6046352e-01
  -8.5653226e-01
  -6.1820202e-01
  -9.1924517e-01
  -1.0181986e+00
  -5.9618913e-01
  -2.1239185e-01
  -9.5886825e-01
  -3.9047655e-01
  -3.1468012e-01
  -7.7832030e-01
  -9.4491473e-01
   1.0224387e-01
  -1.1513754e+00
  -9.0278620e-01
  -4.7710310e-01
  -3.0941923e-01
  -8.6709239e-01
  -7.9999573e-03
  -8.2984856e-01
  -1.6820925e-01
  -5.5074761e-01
  -5.4327479e-01
  -9.3114154e-01
  -8.3468182e-01
  -9.1951316e-01
  -7.9885902e-01
  -1.1626673e-01
  -9.3391356e-01
  -6.8486405e-01
  -9.6566775e-01
  -7.9124370e-01
  -9.6003225e-01
  -8.5143437e-01
  -2.5488687e-01
  -9.7926759e-01
  -8.2286249e-01
  -7.2535929e-01
  -9.4276966e-01
  -7.3245229e-01
  -6.1731830e-01
  -8.4024580e-01
  -3.1671807e-01
  -1.0583372e+00
  -3.5650477e-01
  -4.5716543e-01
  -9.6003225e-01
  -7.8441262e-01
  -8.1776672e-01
  -3.0698639e-01
  -3.5933134e-01
  -3.0438628e-01
  -8.8722186e-01
  -4.9917385e-01
  -8.6010790e-01
  -9.3981742e-01
  -6.2680426e-01
  -9.4633487e-02
  -6.3123132e-01
  -9.1897721e-01
  -4.9320746e-01
  -2.7800990e-02
  -4.4523356e-01
  -9.9018557e-01
  -7.0600053e-01
  -1.0002099e+00
  -9.5707968e-01
  -8.3226516e-01
  -3.8402961e-02
  -9.6477350e-01
  -4.2538537e-01
  -1.0673929e+00
  -1.6158191e-01
  -4.3746805e-01
  -4.9233406e-01
  -6.0896725e-01
  -9.8902058e-01
  -2.0576534e-01
  -8.1435325e-01
   1.6418965e-01
   2.8200951e-02
  -3.0257662e-01
  -7.9150533e-01
  -1.2305946e+00
  -9.5940768e-01
  -3.1711305e-01
  -8.9384275e-01
  -5.9302786e-01
  -7.0812900e-02
  -1.0539462e+00
  -9.1593526e-01
  -6.7322694e-01
  -5.0805089e-01
  -8.4802425e-01
  -7.2966666e-01
  -1.8888891e-01
  -3.1247591e-01
  -1.1316790e+00
  -3.5344584e-01
  -2.1300969e-01
  -8.4650128e-01
  -6.0162970e-01
  -5.6074783e-01
  -6.3010660e-02
  -4.2703374e-01
  -5.9366010e-01
  -5.9492459e-01
  -8.1193705e-01
  -5.6025281e-01
  -5.6695623e-01
   4.0002666e-02
  -4.6643014e-01
  -9.1745630e-01
  -1.5937288e-01
   1.6719597e-01
  -9.3740292e-01
  -6.6538373e-01
  -5.7812807e-02
  -6.1756961e-01
  -2.4379831e-01
  -5.9935063e-01
  -1.3771298e-01
  -1.2949107e-01
  -1.0752823e+00
  -1.0668451e+00
  -8.3504749e-01
  -9.4938635e-01
  -6.1205376e-02
  -1.5133506e-01
  -9.6065676e-01
  -7.9221951e-02
  -8.5716110e-01
  -3.1428507e-01
  -8.8811612e-01
  -9.5976251e-01
  -9.3507658e-01
   5.2203806e-02
  -8.1472054e-01
  -8.6709239e-01
  -8.2743203e-01
  -5.9163043e-01
  -7.1346812e-01
  -1.0615620e+00
  -9.4443155e-02
  -8.3594098e-01
  -7.9187439e-01
  -1.8023341e-01
  -8.1739968e-01
  -8.3809348e-01
  -9.1030099e-01
  -5.8885193e-01
  -7.3638684e-01
  -9.8964359e-01
  -9.8929155e-01
  -1.5154961e-01
  -1.5335970e-01
  -1.8747628e-01
  -5.0019225e-01
   8.3027039e-02
  -8.4418505e-01
  -2.7728869e-01
  -9.7569091e-01
  -6.4135071e-01
  -7.6082706e-01
  -9.4849205e-01
  -9.3445082e-01
  -8.2385897e-01
  -9.0314612e-01
  -9.8400872e-01
  -1.5796143e-01
  -7.7527435e-01
  -1.0104541e-01
  -6.0833489e-01
  -9.2013961e-01
  -3.5446546e-01
  -2.9708765e-01
  -2.7932491e-01
  -3.5219429e-01
  -8.4713050e-01
  -7.7501360e-01
  -9.1566744e-01
  -9.8991457e-01
  -5.7822025e-01
  -4.1620795e-01
  -3.2605568e-01
  -9.3391356e-01
  -9.5144431e-01
  -6.0289434e-01
  -7.5625917e-01
  -9.5851333e-01
  -9.6441911e-01
  -9.2344924e-01
  -5.6846829e-01
  -8.4319085e-01
  -9.6631115e-02
  -1.1143156e+00
  -3.0234876e-01
  -9.1334320e-01
  -7.8667475e-01
  -3.1106180e-01
  -1.6940502e-01
  -2.6275059e-01
  -8.5259290e-01
   1.3590350e-01
  -5.9201306e-01
  -6.3818836e-01
  -1.1786396e-01
  -5.8074882e-01
  -8.1078145e-01
  -7.4663948e-01
  -7.2688105e-01
  -5.3803162e-02
  -2.7083924e-01
  -4.7405345e-02
  -3.9602745e-02
  -9.3775977e-01
  -1.0354889e+00
  -8.8632761e-01
  -1.2267929e-01
  -7.2409547e-01
  -1.4231570e-01
  -9.4992496e-01
  -1.0580636e+00
  -6.6601613e-01
  -1.6679736e-01
  -6.3667088e-01
  -7.2219170e-02
  -2.8616994e-01
  -5.8910137e-01
  -9.3892299e-01
  -1.3599790e-02
  -5.9770372e-01
  -9.2944172e-01
  -8.9536448e-01
  -8.1928980e-01
  -5.4695720e-01
  -5.8492510e-01
  -8.3683450e-01
  -9.8016171e-01
  -7.8225852e-01
  -5.6962004e-01
  -1.0193643e+00
  -8.0458346e-01
  -7.5310179e-01
  -4.2402128e-02
  -3.2424693e-01
  -9.1450527e-01
  -5.6011589e-01
  -3.8802892e-02
  -8.3415403e-01
  -6.0643786e-01
  -8.8453916e-01
  -8.1955292e-01
   9.9846875e-02
  -8.6252460e-01
  -8.5527445e-01
  -8.2921880e-01
  -4.5551645e-01
  -9.6360932e-01
  -1.1618053e+00
  -5.6341229e-01
  -3.4427027e-01
  -3.5799756e-02
  -6.5184915e-01
  -5.9998296e-01
  -7.0700798e-01
  -2.0435222e-01
  -5.6050030e-01
  -1.1380604e+00
  -9.6325484e-01
  -9.2702689e-01
  -3.5627248e-01
  -8.6032981e-02
  -3.1224724e-01
  -8.5044098e-01
  -1.2206820e-01
  -9.1003345e-01
  -4.3785849e-01
  -7.0106193e-01
  -1.0375480e+00
  -2.2648262e-01
  -1.8787452e-01
  -5.7505983e-01
  -1.9971539e-01
  -8.2133928e-01
  -9.2944172e-01
  -4.6007405e-01
  -6.2768866e-01
  -2.9488216e-01
  -2.8475576e-01
  -1.6237930e-01
  -7.5462442e-01
  -7.9733593e-01
  -7.5310179e-01
  -8.7040291e-01
  -8.3925114e-01
  -7.3549645e-01
  -1.1012136e+00
  -1.0530535e+00
  -1.1825509e+00
  -9.1593526e-01
  -2.5086829e-01
  -4.3974588e-01
  -7.5499628e-01
  -6.0036509e-01
  -4.3095964e-01
  -9.6041447e-02
