  -6.4691937e-02
   9.8264501e-01
   1.1466456e+00
   3.4893067e-01
   1.3579000e+00
   3.8212787e-01
   4.4680216e-01
   1.1537028e+00
   4.1528971e-01
   1.3979446e+00
   1.1030249e+00
   8.8322175e-01
   5.0078609e-01
   8.4284177e-01
  -8.0308524e-02
   1.3875607e+00
   4.1185925e-01
  -8.2198127e-02
   8.5184592e-01
   9.2674084e-02
  -9.9503851e-02
   1.3125036e+00
   4.5548034e-01
   1.0874097e+00
   3.9627229e-01
   5.2869766e-01
   1.2112682e+00
   5.5682325e-01
   1.3056249e+00
   7.9082171e-01
   4.3624783e-01
   9.3376930e-01
   1.1431185e+00
   9.4597675e-01
   9.2672095e-01
   5.2548654e-01
   8.9191874e-01
   1.2339697e+00
   3.7004259e-01
   6.9110751e-01
   8.2727792e-01
  -2.6140073e-02
   7.6765709e-02
   7.9242674e-01
  -9.7709842e-02
   1.0908425e+00
   8.7270356e-01
   4.3100264e-01
   3.4866199e-02
   4.0662462e-01
   9.0929729e-01
   6.3528411e-01
   1.0445867e-02
   3.1935868e-01
   7.0862946e-01
  -3.4965828e-02
   9.9493068e-01
   8.2901430e-01
   3.7346960e-01
   1.1781982e+00
   5.2004843e-01
   1.3229067e+00
   1.6043870e-01
   9.7906129e-01
   2.1484581e-01
   1.3178710e+00
   4.5378661e-01
   1.2933602e+00
   6.3368372e-01
   4.7983289e-01
   1.1351777e-01
  -4.2045255e-02
   1.2383925e-01
   9.5456900e-01
   4.3451037e-01
   1.3263547e+00
   1.2751184e-01
   1.1868562e+00
   1.2636492e+00
   1.3910049e+00
   6.0917007e-01
   6.6149904e-01
   1.4082986e+00
   6.7195915e-01
   7.9403175e-01
   1.7793127e-01
   7.2253166e-01
  -1.1506761e-01
   8.3944006e-01
   1.2706044e+00
   9.9130970e-01
  -1.3915234e-02
   1.9208136e-01
   1.4482966e-01
   8.1322108e-01
   5.7951592e-01
   7.6102469e-01
   7.3998854e-01
   5.9315311e-02
   9.7557724e-01
   1.1064574e+00
   9.2494090e-01
   2.5133777e-01
   4.7107998e-02
   8.1001119e-01
   9.8967264e-01
   5.1661591e-01
   4.7132459e-01
   1.1762583e+00
   7.5215139e-01
   6.3187685e-01
   6.5624853e-01
   6.2141200e-01
   5.5320008e-01
   2.4972169e-01
   1.0226214e+00
   3.4550737e-01
   7.5757524e-01
   1.0001484e+00
   7.0333664e-01
   1.3648977e+00
   5.5145728e-01
   1.0348950e+00
   1.1116710e+00
   1.8508308e-01
   4.7483106e-01
   3.1242950e-01
   1.1500471e+00
  -6.8803829e-03
   1.1222559e+00
   1.1082709e+00
   1.0804871e+00
  -1.2903735e-01
   1.0244333e+00
   7.6620922e-01
  -3.1524696e-02
   5.5815457e-02
   1.1450277e+00
   1.3388571e+00
   2.2873630e-01
   1.0996253e+00
   1.3928651e+00
   2.2517109e-01
   2.6711784e-01
   3.5098638e-01
   2.0760409e-01
   1.2777206e+00
   8.9078696e-02
   6.5805345e-01
   2.8795376e-01
   2.0946481e-01
   7.8724210e-01
   5.3002547e-03
   2.7743612e-01
   5.1321260e-01
   3.5260043e-01
   5.0615389e-01
   1.1699000e-01
   7.9921626e-01
   1.3996516e+00
  -8.5537786e-02
   1.2427324e+00
   7.5399596e-01
   7.7139401e-01
   5.0434065e-01
  -1.5362053e-01
   1.0577205e+00
   5.9856021e-01
   1.0786736e+00
   1.3736358e+00
   1.5833482e-02
   1.1012114e+00
   4.3511029e-02
   1.0820434e-01
   1.7091273e-01
   9.9666244e-01
   2.3744651e-01
   8.6043039e-01
  -1.2564285e-01
   1.1746696e+00
   8.5345002e-01
   5.1830657e-01
   1.3613315e+00
   5.3590130e-01
   1.0436814e+00
   1.2810090e+00
   6.2297725e-01
   9.7787543e-02
   7.1739595e-01
   9.8786225e-01
   6.7368892e-01
   1.0855962e+00
   6.0736138e-01
   1.0646424e+00
   1.0664557e+00
   3.3866077e-01
  -3.3836615e-03
   9.5116175e-01
   1.8669927e-01
   1.3822684e+00
  -5.9262100e-02
   3.1593562e-01
   8.5518649e-01
   8.7443985e-01
   8.7624100e-01
   9.0749285e-01
   1.1711016e+00
   3.4208406e-01
   2.8453167e-01
   2.4273845e-01
   9.0408675e-01
   2.2173955e-01
   1.2163865e+00
   1.0683041e+00
   1.0280129e+00
   7.4183328e-01
   1.0523675e+00
   9.7384425e-01
   1.6572948e-01
   5.0259935e-01
   5.9000225e-01
   1.3106612e+00
   8.7784438e-01
  -1.1866110e-01
   1.7620786e-03
  -1.2045552e-01
   1.2130793e+00
  -6.2802017e-02
   1.0384736e+00
   1.3213193e+00
   2.4786087e-01
   1.3769758e+00
   7.8200310e-01
   3.8562967e-01
   6.1257739e-01
   9.5901060e-02
   9.8431965e-01
   8.8148542e-01
   8.2203587e-01
   1.3787150e+00
   1.0889952e+00
   3.3219157e-02
   5.3051024e-01
   6.9455533e-01
   1.0489351e+00
   9.5978469e-01
   6.4568398e-01
   5.9696226e-01
  -1.0819055e-01
   9.3557599e-01
   1.2652381e+00
   4.9225984e-01
  -1.0469231e-01
  -9.4170878e-02
   1.2862647e+00
   1.0460997e-01
   1.1169169e+00
   4.0843761e-01
   5.2186124e-01
   1.3457358e+00
   8.5010939e-01
   7.8410241e-02
   9.1632179e-01
   4.7814022e-01
   3.6125647e-01
   2.3906279e-01
   3.9453799e-01
  -1.1162367e-01
   1.3194586e+00
  -1.0419223e-02
   1.0698011e+00
   8.3061887e-01
   2.2687504e-02
   1.0959653e+00
   9.1472026e-01
   1.0752409e+00
   1.2444516e+00
   1.1204422e+00
   3.5440981e-01
  -1.7454167e-02
   3.4381306e-01
   3.7527728e-01
   2.1644695e-01
   1.1989420e+00
   2.4604621e-01
   1.3597458e+00
   7.1376521e-01
   8.3599372e-01
  -6.6245231e-02
   1.0157846e+00
   3.9284303e-01
   2.8622512e-01
   8.6567449e-01
   6.3886990e-01
   1.1415307e+00
  -7.5068178e-02
   5.4961979e-01
   2.7045311e-01
  -1.3436888e-01
   1.0716143e+00
   1.7979141e-01
   6.3003429e-01
   8.4117652e-01
   1.3281983e+00
   1.0734276e+00
   1.3805620e+00
   1.1863166e-01
   9.4771119e-01
   1.3701902e+00
   3.9977291e-01
   4.7640020e-01
  -4.8739795e-02
  -1.3092508e-01
   7.8539816e-01
   3.4038939e-01
   1.2549660e+00
   5.4106992e-02
   2.6883728e-01
   1.1180933e-01
   8.6906322e-01
   8.2383078e-01
   7.6436473e-01
   1.2619204e+00
   6.9993259e-01
   2.5315219e-01
   7.0177720e-01
   2.9332064e-01
   7.2795456e-01
   8.7222534e-02
   5.7245881e-01
   1.0113911e-01
   7.2598071e-01
   8.4481562e-01
   3.3148726e-01
   1.2216442e+00
  -1.3975785e-01
   6.5965526e-01
   1.0139731e+00
   1.9037513e-01
   5.7429816e-01
   1.2322411e+00
   2.8965356e-01
   5.7703842e-02
   1.5523350e-01
   8.4641994e-01
   1.0471224e+00
   3.3499259e-01
   8.0119074e-01
   7.5054659e-01
  -5.7612201e-02
   1.1641717e+00
   1.0559076e+00
   1.1343344e+00
   9.9496161e-02
   2.5475774e-01
   1.3404438e+00
   1.1676015e+00
   9.4076204e-01
   6.0401959e-01
   8.5708989e-01
   1.0194465e+00
   3.8736304e-01
   9.7203492e-01
   1.0123785e+00
   2.7215438e-01
   8.6216686e-01
  -4.3694936e-02
   2.1078577e-02
   3.0887588e-01
   8.1161615e-01
   5.0607395e-02
   8.8667458e-01
   5.8313655e-01
   6.0036948e-01
  -1.0115372e-01
   1.1327162e+00
   1.0453098e+00
   1.3433406e-01
   7.9761128e-01
   5.6022929e-01
   8.1519551e-01
   3.2987362e-01
   7.3296067e-01
   4.9576497e-01
   9.0248460e-01
   1.3631922e+00
   7.3838390e-01
   4.2052415e-01
  -8.7187774e-02
   1.2219810e-01
   5.0965815e-01
   5.7071573e-01
   1.2024711e+00
   5.3759075e-01
   9.2852704e-01
   2.4442998e-01
   1.3140914e+00
   1.0366613e+00
   1.7297217e-01
   1.1293152e+00
   2.3377060e-01
   4.8345981e-01
   7.3480534e-01
   1.2897134e+00
   4.9909437e-01
   3.5783318e-01
   1.2583922e+00
   6.0961030e-02
   1.2514376e+00
  -1.0654060e-01
   1.2846761e+00
   8.3783565e-01
   3.5952817e-01
   5.8454188e-01
   1.3752696e+00
  -7.1625006e-02
   9.2153381e-01
   4.5727966e-01
   5.9340952e-01
   5.6549817e-01
   1.1831884e+00
   1.3894210e+00
   1.2669580e+00
   6.8950434e-01
  -2.0894388e-02
  -9.6059967e-02
   5.3915927e-01
   8.0797981e-01
   5.8635203e-01
   1.1797870e+00
   8.9525740e-01
  -2.9679688e-02
  -9.2520928e-02
   3.7708920e-01
   1.0087165e+00
   1.4137142e+00
   3.2108740e-01
  -1.3607593e-01
   1.0262454e+00
   3.6637464e-01
   2.6174138e-01
   1.1362860e+00
   4.1367230e-01
   1.1572424e+00
   3.4104745e-03
   6.8232476e-01
   3.6843114e-01
   1.0420987e+00
   4.3806145e-01
   2.1987862e-01
   1.0628293e+00
   1.2304069e+00
   1.0175962e+00
   1.0402861e+00
   3.0714714e-01
   6.2662706e-01
   6.1076892e-01
   4.0217548e-02
   1.3544533e+00
   9.0589080e-01
   3.8365149e-02
   3.6468271e-01
   9.5296969e-01
   5.4636302e-01
   1.4668891e-01
   1.2827580e+00
   4.5023431e-01
   1.2147973e+00
   1.3954069e-01
   6.1963457e-01
   2.0255625e-01
   7.5560081e-01
   6.6674943e-01
   3.6295146e-01
   3.0202584e-01
   7.1555118e-01
   1.1657887e+00
   1.2531347e+00
   8.7086373e-01
   1.2008559e+00
   1.9189027e-02
   1.3367976e+00
   5.4097142e-01
   1.0316371e+00
   7.4696763e-01
   6.5093401e-01
   4.6433894e-01
   1.0981843e-01
   4.5901852e-01
   1.3090549e+00
   7.1216130e-01
   3.8905806e-01
   1.0541804e+00
   1.2392269e+00
   1.2881050e+00
   6.1622732e-01
   4.4854045e-01
   4.9752513e-01
   8.3259280e-01
   1.2912676e-01
   3.1057011e-01
   8.9001362e-01
   7.5153283e-02
   3.7870485e-01
   7.3653916e-01
   3.1766430e-01
   2.5843298e-01
   6.8072183e-01
   1.4150637e-01
  -1.2399330e-01
   1.2271231e+00
   6.1782664e-01
   1.0819350e+00
  -8.3752410e-02
   2.1117005e-01
   1.0298249e+00
   6.4227702e-01
   9.1270406e-01
   2.3216740e-01
  -7.8658458e-02
   1.4032187e+00
   1.5882302e-01
   6.0221057e-01
   8.7977091e-03
   4.8164637e-01
   1.5718508e-01
   5.4455094e-01
   1.3561798e+00
   3.8394017e-01
  -3.8505493e-02
   6.8770245e-01
  -4.0155091e-02
   2.9674316e-01
   4.0319485e-01
   5.1480288e-01
   6.5446745e-01
   2.9150759e-01
   1.6411359e-01
   1.3527483e+00
  -7.3274831e-02
   4.4498865e-01
   6.9078540e-03
   1.0051742e+00
   9.7725156e-01
   7.7318570e-01
   6.6412076e-02
   1.0507479e+00
   1.3423046e+00
   2.1289634e-01
   4.0500762e-01
   5.2695549e-01
   7.6275970e-01
   7.6781426e-01
   1.3943744e-02
   8.5882645e-01
   1.3101096e-01
   2.6123311e-02
   2.9835817e-01
  -7.6718068e-02
  -1.3796338e-01
   9.3012793e-01
  -1.9004175e-02
   4.2926566e-01
   5.9156899e-01
   2.9493570e-01
   1.2915540e+00
   1.6238998e-01
   7.9600630e-01
   6.8412722e-01
   4.6252543e-01
   1.3493013e+00
   1.3840068e+00
   6.1441914e-01
   1.2689057e+00
   8.6745968e-01
   1.3945718e+00
   1.4050668e+00
   6.7015563e-01
   1.2566946e+00
   2.0417254e-01
   1.0069053e+00
   4.4155684e-01
   5.8816197e-01
   6.8597150e-01
   1.3002576e+00
   1.9898982e-01
   8.0265700e-02
   5.2218408e-02
   1.2077029e+00
   3.9796023e-01
   1.9369761e-01
   7.7836997e-01
   1.0768603e+00
   4.9395176e-01
   3.1269126e-02
   1.3440089e+00
   1.1589283e+00
   1.0330826e+00
   1.8840565e-01
   9.5811110e-01
   3.5602407e-01
   1.1939255e+00
   1.2251489e+00
   1.2497089e+00
   7.3169474e-02
   1.5189486e-01
   3.2475558e-01
   5.3413504e-01
   4.3974345e-01
   1.0610162e+00
  -1.2210524e-01
   7.4512305e-01
   1.2758606e+00
   6.0558562e-01
   2.0060615e-01
   5.6381084e-01
   6.2822708e-01
  -5.5722150e-02
   7.7652592e-01
   7.1031676e-01
   9.1986231e-01
   1.1973530e+00
   6.6831172e-01
   6.4412014e-01
   1.1100844e+00
   1.2200302e+00
   1.1256569e+00
   8.0637496e-01
   3.2806394e-01
   4.7301754e-01
   1.7458831e-01
   9.6858576e-01
   1.2295619e-02
   8.9706066e-01
   4.2576861e-01
   1.9737351e-01
   9.0692019e-02
   1.1623587e+00
   1.0034989e+00
   4.5204792e-01
   9.1103304e-01
   6.7553298e-01
   2.7412750e-01
   2.7924970e-01
   1.0105670e+00
   6.5290419e-01
   8.8487239e-01
   1.8151612e-01
   5.0796704e-01
   8.7958070e-01
  -3.3075685e-02
   1.3962080e+00
   6.4933275e-01
   4.1017316e-01
   1.3619284e-01
   8.1840517e-01
   3.0005701e-01
   4.8689249e-01
   1.7622451e-01
   6.2815312e-02
  -1.4130032e-01
   9.4256924e-01
   8.2567328e-01
   2.6541626e-01
   8.4820647e-01
   2.8085788e-01
   6.9820089e-01
   5.5841785e-01
   9.6336943e-01
   1.2950805e+00
   5.9515280e-01
   5.8132634e-01
   1.4067906e+00
   9.6677673e-01
   7.2437639e-01
   1.1484589e+00
   1.2181975e+00
   4.3281608e-01
   4.8520017e-01
   1.3333498e+00
   1.4312171e-01
   8.0279567e-01
  -6.1152091e-02
   2.4475855e-02
   5.6890477e-01
   1.1851667e+00
   2.6355561e-01
   1.3299017e+00
   3.7185429e-01
  -2.8030275e-02
   5.7586565e-01
   4.8961097e-02
   5.6730923e-01
   1.1378737e+00
   7.3135626e-01
   3.1423822e-01
   1.9531387e-01
   3.3329716e-01
   1.3316462e+00
  -4.5440488e-02
   9.3731086e-01
   1.1552910e+00
   7.1908279e-01
  -5.0629824e-02
   1.0209457e+00
   1.1728569e+00
   6.7887759e-01
   9.8079407e-01
   1.3857132e+00
   4.1890658e-01
   1.2793093e+00
   8.9365482e-01
   9.4938433e-01
   4.1710296e-01
   7.8015891e-01
  -1.0304253e-01
   4.2403193e-01
   9.7039503e-01
   9.1812692e-01
   1.1920962e+00
   7.2092746e-01
  -1.1341790e-01
   4.8870586e-01
   3.3696573e-01
   3.9103052e-01
   1.2287123e+00
  -1.5805204e-02
   1.2569744e-01
  -1.5184137e-01
   1.1151034e+00
   1.3158118e+00
   2.6013513e-01
  -8.9077094e-02
   5.1147108e-01
   9.2326915e-01
   1.1187305e+00
   6.7733599e-01
   1.2058348e-01
   8.3861435e-02
  -1.3248134e-01
   8.5578521e-02
   1.2740532e+00
  -9.0727027e-02
   1.4994334e-01
   9.8605207e-01
   6.9635648e-01
   7.1557188e-02
   1.1397174e+00
   1.0837827e+00
   1.0019195e+00
   8.6383408e-01
   1.3037643e+00
   2.1817369e-01
   1.2409227e+00
   6.6490553e-01
   5.5501175e-01
   7.8884714e-01
   1.1513210e-01
   3.6718210e-02
   1.8322273e-01
  -4.7090117e-02
   2.4076631e-01
   7.5918017e-01
  -2.4490784e-02
   3.2278189e-01
   9.4287497e-02
   3.8051209e-01
   3.0372439e-01
   1.1309026e+00
  -1.4668945e-01
   8.8827752e-01
  -5.4169551e-02
   1.2095399e+00
   1.4832789e-01
   9.5637719e-01
   4.6777141e-01
   2.7582053e-01
   1.0595335e+00
   1.3684844e+00
   1.1886685e+00
   1.0299607e-01
   2.0598778e-01
   3.0544885e-01
   1.2374749e+00
   1.3508875e+00
   1.1240695e+00
   9.4416927e-01
   8.2037944e-01
   2.3563157e-01
   9.9312009e-01
   5.4817496e-01
   1.6929672e-01
   5.7767624e-01
   1.2060108e+00
  -6.8135175e-02
  -1.2309331e-02
   5.2367394e-01
   1.0977788e+00
   1.1135167e+00
   4.9051917e-01
   1.1902842e+00
  -5.2279560e-02
  -1.1695586e-01
   1.2234548e+00
   5.4979653e-05
  -2.2499529e-02
   1.5361779e-01
