  -2.1852155e+00
  -2.4190610e+00
  -3.0716805e+00
  -2.2445320e+00
   3.1030872e+00
  -2.1013066e+00
  -2.2707289e+00
  -2.8761764e+00
  -2.4574654e+00
  -1.7470208e+00
  -2.1221461e+00
   3.0978977e+00
  -2.0456274e+00
  -2.1258081e+00
  -2.6249767e+00
  -2.2794258e+00
  -2.4016041e+00
  -2.8971627e+00
  -2.4398155e+00
  -2.1555406e+00
   3.0018348e+00
  -1.9494964e+00
   3.0246368e+00
  -2.3859918e+00
  -2.7331550e+00
  -2.6319345e+00
  -2.7943559e+00
  -2.3824125e+00
  -2.6599463e+00
  -1.7784004e+00
  -2.5726879e+00
  -2.1396731e+00
  -1.9878898e+00
  -2.0122775e+00
  -2.4470373e+00
  -1.8202733e+00
  -2.1589476e+00
  -2.9916493e+00
  -2.7436324e+00
  -1.8779435e+00
  -1.9181378e+00
  -2.9356049e+00
  -1.9355818e+00
  -2.3579302e+00
  -2.5831748e+00
  -3.0158952e+00
  -1.9843502e+00
  -1.7487276e+00
  -2.5865809e+00
   3.0490717e+00
  -2.6372520e+00
  -1.8186859e+00
  -2.0805764e+00
  -2.5360070e+00
  -3.0684232e+00
   3.0593945e+00
   3.1398577e+00
  -1.9476671e+00
  -1.7975838e+00
  -2.3423764e+00
  -2.0820591e+00
  -2.6563925e+00
   3.0683178e+00
  -2.6738212e+00
  -2.1135798e+00
  -2.0053067e+00
  -1.8275013e+00
  -1.8221341e+00
  -1.9792339e+00
  -1.7696767e+00
  -2.0892252e+00
  -1.7575858e+00
  -1.9984742e+00
  -2.4520883e+00
  -2.9758632e+00
   3.0525156e+00
  -2.9078221e+00
  -2.1938815e+00
   3.1014376e+00
  -2.8188108e+00
  -3.0369827e+00
  -1.9618056e+00
  -2.0088765e+00
  -2.7018492e+00
  -1.7871394e+00
   3.0055167e+00
  -2.0072582e+00
  -2.7210685e+00
  -3.0664394e+00
  -2.7803362e+00
  -2.4696335e+00
  -2.5691338e+00
  -2.4433918e+00
   3.0420888e+00
  -2.4312759e+00
  -1.9547365e+00
   3.1241385e+00
   3.1363189e+00
  -3.0597142e+00
  -2.9984709e+00
  -2.8344455e+00
  -1.7610307e+00
  -3.0525140e+00
   3.0995474e+00
   3.0804406e+00
  -1.7802611e+00
  -3.0246027e+00
  -1.9338897e+00
  -2.0280760e+00
  -1.8413350e+00
  -2.5149656e+00
  -1.8116909e+00
  -3.1224036e+00
  -3.1083735e+00
   3.0474218e+00
  -1.8709883e+00
  -2.0856851e+00
  -2.8868349e+00
  -1.7505877e+00
  -2.8432345e+00
  -2.5167731e+00
  -2.2653517e+00
  -1.9128804e+00
   3.1225885e+00
  -1.8918837e+00
  -1.9758039e+00
  -2.1414442e+00
  -1.8816114e+00
   3.1206983e+00
  -1.7818468e+00
  -2.5412232e+00
  -2.9041461e+00
  -2.2427960e+00
  -2.9495113e+00
  -2.5464399e+00
  -2.4382560e+00
   3.0299690e+00
  -2.6651925e+00
   3.0106676e+00
  -3.0037846e+00
   3.0455327e+00
  -2.9321278e+00
  -2.3614337e+00
  -2.4940655e+00
  -2.4993156e+00
  -2.6389933e+00
  -2.2094240e+00
  -2.2252709e+00
   3.0699676e+00
  -2.4225099e+00
  -2.1799569e+00
  -2.8046269e+00
  -2.1818080e+00
  -1.8866267e+00
  -2.9267468e+00
  -2.1870237e+00
  -2.3894413e+00
  -1.8622834e+00
  -2.4136381e+00
  -2.3336128e+00
  -3.0838888e+00
  -1.9059278e+00
  -2.7349680e+00
  -2.0647324e+00
   3.0334021e+00
  -2.1748159e+00
  -1.9513084e+00
  -1.8237217e+00
  -2.5777818e+00
  -2.8607348e+00
  -2.7505621e+00
  -2.4102364e+00
  -2.8727554e+00
  -2.8988542e+00
  -1.7540320e+00
  -1.9599931e+00
  -2.6440675e+00
  -2.1085101e+00
  -2.7628878e+00
  -2.1276196e+00
  -1.9111857e+00
  -3.0806316e+00
  -2.3946250e+00
  -2.9198531e+00
   3.0961522e+00
  -2.6510735e+00
  -2.7297334e+00
  -2.7000358e+00
   3.0928529e+00
  -2.3753834e+00
  -2.6808807e+00
  -2.1466620e+00
  -3.1415377e+00
  -3.1136181e+00
  -2.3650667e+00
  -2.2811623e+00
  -2.4156119e+00
  -2.1695577e+00
  -2.1711976e+00
  -1.7958568e+00
  -2.8082955e+00
  -3.0893742e+00
  -2.4660597e+00
  -2.1066976e+00
  -1.9653343e+00
  -2.0140910e+00
  -1.9023657e+00
  -2.3315815e+00
  -2.9217140e+00
   3.0072238e+00
  -2.5657270e+00
  -3.1067265e+00
   2.9862633e+00
  -2.6581328e+00
  -2.3159194e+00
   3.0718075e+00
  -3.0105817e+00
  -3.0053998e+00
  -2.3997594e+00
  -2.4959087e+00
  -1.8518793e+00
  -2.0926576e+00
  -1.7593242e+00
  -3.0787773e+00
  -2.5253653e+00
  -2.8029319e+00
  -2.9844076e+00
  -2.6913583e+00
  -2.0037190e+00
  -2.0299216e+00
  -1.7922913e+00
  -2.7663154e+00
  -1.8430825e+00
  -3.0700355e+00
  -2.6006212e+00
  -1.9723040e+00
  -2.2410793e+00
  -2.6232861e+00
  -2.3875967e+00
  -2.0403813e+00
  -2.4886885e+00
  -2.7158240e+00
  -2.8884405e+00
   3.1311734e+00
  -2.9374201e+00
  -2.9932648e+00
  -2.8814575e+00
  -1.8343799e+00
  -2.7263029e+00
  -3.0456916e+00
  -2.9426028e+00
  -2.0525974e+00
  -2.2130656e+00
  -2.3718037e+00
  -2.1328761e+00
  -2.8378683e+00
  -2.9462788e+00
  -2.9653681e+00
  -2.1572730e+00
  -1.7646168e+00
  -2.1765494e+00
   3.0159498e+00
  -3.0438051e+00
  -2.4627151e+00
  -1.8325377e+00
  -2.5290153e+00
  -2.7837595e+00
  -2.5500237e+00
  -2.8415356e+00
  -2.2200588e+00
  -1.8309315e+00
  -2.5097158e+00
  -3.0944847e+00
  -2.0385677e+00
  -1.7419411e+00
  -1.8396336e+00
  -1.9949471e+00
  -1.9687357e+00
  -2.8641565e+00
  -2.7470547e+00
  -2.4642567e+00
  -2.8291632e+00
  -2.1432551e+00
  -2.7855686e+00
  -2.1310256e+00
  -2.7926620e+00
  -2.6354388e+00
  -3.1311468e+00
  -1.7907051e+00
  -2.8586764e+00
  -1.7332941e+00
  -1.8047950e+00
  -2.7053448e+00
   3.1257874e+00
   3.0125553e+00
  -2.9339886e+00
  -2.2967770e+00
   3.0229315e+00
  -2.2671528e+00
   2.9879721e+00
   3.0753474e+00
  -2.9949037e+00
  -1.9233952e+00
  -2.5620767e+00
  -2.0333218e+00
  -2.6861123e+00
  -2.5584561e+00
  -2.4608708e+00
  -2.1346874e+00
  -2.6074576e+00
  -3.1257592e+00
  -2.9739119e+00
  -1.8133944e+00
  -2.8902549e+00
  -2.7105900e+00
  -2.4032088e+00
  -3.0000863e+00
  -1.8027355e+00
  -1.7453846e+00
  -2.8012033e+00
  -2.8256570e+00
  -2.8273544e+00
  -2.1206470e+00
  -2.3543506e+00
   2.9844689e+00
  -2.7715501e+00
  -2.3439814e+00
  -1.9931337e+00
  -1.8500386e+00
  -1.8832005e+00
  -2.5481831e+00
  -2.4538902e+00
  -2.9164216e+00
  -2.1380938e+00
  -2.1956159e+00
  -2.4871252e+00
  -2.5708769e+00
  -2.8711395e+00
  -2.9670043e+00
  -2.9251457e+00
  -2.0681651e+00
  -1.8290891e+00
  -2.3491659e+00
  -2.1449302e+00
  -2.4050535e+00
  -2.8168371e+00
   3.1049773e+00
  -2.1782232e+00
  -2.2496739e+00
  -2.0419673e+00
  -3.0088736e+00
   3.0629342e+00
  -3.0280749e+00
  -2.5063085e+00
  -2.8101054e+00
  -2.6040019e+00
  -2.0979112e+00
  -2.9112401e+00
  -2.2217303e+00
  -1.7365258e+00
  -2.0507501e+00
  -2.0106900e+00
  -2.7610806e+00
  -2.6424983e+00
  -2.2864062e+00
  -2.3352177e+00
  -1.9303245e+00
   3.1100680e+00
  -2.4294314e+00
  -2.7123270e+00
  -2.5934177e+00
  -2.8674652e+00
   3.0839805e+00
  -2.4172163e+00
  -2.2042818e+00
  -1.8726870e+00
  -2.5534307e+00
  -2.3666717e+00
  -2.3805680e+00
  -2.5570508e+00
  -2.3701986e+00
  -1.9199485e+00
  -2.2777586e+00
  -2.0018753e+00
  -2.1660154e+00
  -2.1643411e+00
  -2.3475609e+00
  -1.7383740e+00
  -2.7244897e+00
  -2.2288886e+00
  -2.9409865e+00
  -2.5237660e+00
  -2.5919729e+00
  -1.8553280e+00
  -2.0596576e+00
   3.1276774e+00
  -2.4556212e+00
  -2.6197314e+00
  -2.9636614e+00
  -2.8570610e+00
  -2.3930203e+00
  -2.0193368e+00
  -2.4679037e+00
  -3.0385966e+00
  -3.0980816e+00
   3.0823306e+00
  -1.8065155e+00
  -1.9633945e+00
  -2.0838721e+00
  -2.8955464e+00
  -1.8988603e+00
  -2.7645034e+00
  -2.1171593e+00
  -1.8152380e+00
  -2.9512175e+00
  -2.9600765e+00
  -2.6215442e+00
  -2.7871828e+00
  -2.5760945e+00
  -2.3177619e+00
  -2.8657721e+00
  -2.8500851e+00
   3.0211371e+00
  -2.0769502e+00
   2.9983468e+00
   3.0438828e+00
  -2.7681231e+00
  -3.0577312e+00
  -1.9164437e+00
  -2.6476409e+00
  -2.9565096e+00
  -2.6179187e+00
  -2.2234657e+00
  -2.3369537e+00
  -2.2741330e+00
  -2.7279204e+00
  -2.2567203e+00
  -2.2759182e+00
   3.1328223e+00
  -2.8466570e+00
  -2.2601072e+00
  -2.7525346e+00
  -2.1922083e+00
  -2.6790672e+00
  -2.9304226e+00
   3.0544049e+00
  -2.4348078e+00
   3.0893131e+00
  -2.9286963e+00
  -2.9618012e+00
  -2.7087766e+00
  -1.9529242e+00
  -1.9371710e+00
  -2.1099556e+00
  -2.8831597e+00
  -2.9583699e+00
  -3.0177534e+00
  -2.9094253e+00
  -3.0961311e+00
  -1.9144696e+00
  -2.4486407e+00
  -2.4452362e+00
  -2.3021526e+00
   3.0909628e+00
  -2.3037570e+00
  -1.9285133e+00
  -2.6301216e+00
  -2.3840174e+00
  -2.8780370e+00
  -2.5375731e+00
  -1.8588347e+00
  -2.9442191e+00
  -2.5393821e+00
  -2.7542296e+00
  -2.0474409e+00
  -2.5133656e+00
  -1.7749689e+00
  -2.4241967e+00
  -2.2025653e+00
  -1.7714025e+00
  -2.4748432e+00
  -2.6092700e+00
  -2.0787634e+00
  -2.8395668e+00
  -2.0611056e+00
  -2.7594648e+00
  -3.0404535e+00
  -2.4974725e+00
  -3.0997283e+00
  -1.9442397e+00
  -2.5079089e+00
  -2.9896978e+00
  -2.4086320e+00
  -2.5901354e+00
  -2.4714370e+00
  -2.8482720e+00
  -2.2114647e+00
  -2.4260415e+00
  -2.3404019e+00
  -2.4766871e+00
  -2.9792027e+00
  -1.8465121e+00
  -2.6128950e+00
  -2.2951727e+00
  -1.9826644e+00
  -1.8605837e+00
  -2.1049314e+00
  -2.5639164e+00
  -2.9059611e+00
  -2.2479378e+00
  -2.4732809e+00
  -2.8851324e+00
  -2.1834816e+00
  -1.7888443e+00
  -3.0771318e+00
  -2.7576525e+00
  -2.5515904e+00
  -2.4800936e+00
   3.0734575e+00
  -2.2845028e+00
  -2.7226861e+00
  -2.1292142e+00
  -3.1346848e+00
  -2.1886230e+00
  -2.2183235e+00
   3.0315134e+00
  -2.3684069e+00
  -1.9252061e+00
  -1.8938232e+00
  -2.2008306e+00
  -3.0874857e+00
  -3.0210092e+00
  -2.9811540e+00
  -2.8135287e+00
  -2.2897467e+00
  -1.9320528e+00
  -2.7035312e+00
  -2.9686205e+00
  -2.4782892e+00
  -2.6772537e+00
  -2.9863592e+00
  -2.7995086e+00
  -2.7906063e+00
  -3.1241506e+00
  -2.5813634e+00
   2.9913082e+00
  -2.2827662e+00
  -2.5342313e+00
  -2.2463353e+00
  -3.0420965e+00
  -2.4206652e+00
  -2.3263971e+00
  -2.3595896e+00
   2.9897513e+00
  -2.3195568e+00
  -2.2933862e+00
  -1.8954123e+00
  -1.9426506e+00
  -2.6930522e+00
  -1.7731082e+00
  -2.7786412e+00
  -2.5045656e+00
  -2.2322954e+00
   3.1135624e+00
  -2.0962829e+00
  -3.0735353e+00
   3.0142616e+00
  -2.6843130e+00
  -2.3055989e+00
  -2.9967630e+00
  -1.9041177e+00
  -2.0228622e+00
  -2.8151425e+00
  -2.8918710e+00
  -2.3772279e+00
   3.0769007e+00
  -3.1381822e+00
  -2.9531870e+00
  -2.2268724e+00
  -1.9391216e+00
  -1.7854128e+00
  -2.2533151e+00
  -2.8448495e+00
  -2.6056914e+00
  -2.1974234e+00
  -2.0944703e+00
  -2.6895447e+00
   3.0648746e+00
  -2.3980742e+00
   3.1171019e+00
  -2.9827696e+00
  -2.6982980e+00
  -2.0717915e+00
  -2.1189713e+00
  -1.8901550e+00
  -2.4592679e+00
  -2.7365850e+00
  -1.8534877e+00
  -2.3299765e+00
  -2.2060167e+00
  -3.0020520e+00
  -2.4120810e+00
  -2.2340998e+00
  -3.0751806e+00
  -2.8066001e+00
  -2.7383978e+00
   3.1292833e+00
  -2.4853441e+00
  -1.9006700e+00
  -2.7140213e+00
  -1.7836927e+00
  -2.3247923e+00
  -1.9564260e+00
  -2.9390364e+00
  -1.7521716e+00
  -2.8536389e+00
  -2.5219581e+00
  -1.7992881e+00
   2.9932542e+00
   3.0194874e+00
  -2.1537304e+00
  -1.8447837e+00
  -3.1103235e+00
  -1.7400930e+00
  -2.5308237e+00
  -2.7418197e+00
   3.0281748e+00
  -3.1154693e+00
  -2.0874122e+00
  -2.9008263e+00
  -2.6685751e+00
  -2.0246757e+00
   3.0369003e+00
  -2.9706799e+00
  -2.6634524e+00
  -1.9774209e+00
  -2.5672945e+00
  -3.1362924e+00
  -2.3125784e+00
  -2.9025299e+00
  -2.8623430e+00
  -2.6667616e+00
   3.1190931e+00
  -2.8310225e+00
  -2.0908448e+00
  -2.7314195e+00
  -2.2549181e+00
  -2.9128564e+00
  -2.4329632e+00
  -1.8378284e+00
  -1.8168425e+00
  -2.6878060e+00
  -2.1117678e+00
  -2.1904309e+00
  -1.9669231e+00
  -3.0193946e+00
  -2.8117190e+00
  -2.5602663e+00
  -2.6024334e+00
  -2.2375059e+00
  -2.0663518e+00
  -3.0543701e+00
  -2.3231875e+00
  -2.5027228e+00
   3.0508656e+00
  -1.9704911e+00
  -2.2391081e+00
  -2.1031190e+00
  -2.6966040e+00
  -1.9460779e+00
  -2.0351353e+00
  -2.9148052e+00
  -2.1625314e+00
  -2.7400850e+00
   3.0002923e+00
  -2.4922599e+00
  -2.6283801e+00
   3.1085170e+00
  -2.6458277e+00
  -2.3212132e+00
  -2.5430324e+00
  -1.8746347e+00
  -1.9863017e+00
  -2.8327168e+00
  -2.6336256e+00
  -2.9548934e+00
  -2.0489365e+00
  -2.9879749e+00
  -2.4835392e+00
  -2.3109738e+00
  -3.0473052e+00
  -2.3737784e+00
   2.9967901e+00
  -2.2148717e+00
   3.1119130e+00
  -2.0699783e+00
  -1.8011489e+00
  -2.4278274e+00
  -2.2688891e+00
  -2.5186154e+00
   3.1347123e+00
   3.0612841e+00
  -2.3073355e+00
  -2.6547002e+00
  -1.7679569e+00
  -3.1205141e+00
  -3.0648269e+00
  -2.3561945e+00
  -2.2078233e+00
  -2.7752180e+00
  -1.8763545e+00
  -1.8482325e+00
  -2.9774791e+00
  -2.9478950e+00
  -2.8361438e+00
  -1.8257808e+00
  -3.0560141e+00
  -2.7192552e+00
  -3.0613270e+00
   3.0350521e+00
  -2.5970417e+00
  -2.0751370e+00
  -2.5988092e+00
  -2.9234190e+00
  -2.3527455e+00
  -3.0264606e+00
  -2.4416601e+00
  -3.0822773e+00
  -2.6720077e+00
  -1.8692385e+00
  -2.7487496e+00
  -2.4067873e+00
  -2.2305596e+00
  -2.8519391e+00
   3.0036293e+00
  -2.3964696e+00
  -1.8884579e+00
   3.0091113e+00
  -1.8638721e+00
  -2.0578100e+00
  -2.8937318e+00
  -2.0000620e+00
  -3.1327949e+00
  -1.8848980e+00
  -3.0489186e+00
   3.0404389e+00
  -3.0124659e+00
  -2.0732885e+00
  -2.3910461e+00
  -3.1119708e+00
  -2.8222340e+00
  -3.0909853e+00
  -2.0438139e+00
  -2.1364184e+00
  -3.1171168e+00
  -3.1292970e+00
   2.9949032e+00
  -2.6825741e+00
  -2.5324226e+00
  -3.0509006e+00
  -2.0367542e+00
   3.0175994e+00
  -2.3387970e+00
  -1.8675395e+00
  -3.0229610e+00
  -2.5271735e+00
  -2.1677484e+00
  -2.3507709e+00
  -1.7314457e+00
  -2.6110824e+00
  -2.4504851e+00
  -2.5011586e+00
  -2.0159358e+00
  -2.0315082e+00
  -2.8798513e+00
  -3.0333883e+00
  -1.9407367e+00
  -2.7960853e+00
  -2.6528868e+00
  -2.9722959e+00
  -3.0140808e+00
  -3.1276489e+00
  -1.8796722e+00
  -2.5795521e+00
  -2.5115584e+00
  -3.0857772e+00
  -2.1239964e+00
  -3.0072586e+00
   3.0385501e+00
  -2.6161061e+00
  -2.1990234e+00
  -2.2166518e+00
  -1.7941365e+00
  -3.0317742e+00
  -1.7663230e+00
  -2.1519200e+00
  -2.0264893e+00
  -2.2881426e+00
  -2.7769099e+00
  -2.3004161e+00
  -2.1730069e+00
  -2.7070823e+00
  -1.8569166e+00
  -2.5847694e+00
  -2.0629190e+00
  -1.9584043e+00
  -2.8694383e+00
  -2.3089999e+00
  -2.7889922e+00
  -1.9267954e+00
  -3.1032275e+00
   3.0560549e+00
  -2.6947905e+00
