   7.5365965e-01
   2.7123377e-01
   7.5938469e-01
  -8.7681520e-03
   9.9232735e-01
   9.5919593e-02
   3.1151289e-01
   9.4462449e-01
   1.6679925e-01
   9.7207801e-01
   7.6001488e-01
   1.3671084e-01
   8.1483548e-02
   1.6395697e-01
   8.9073553e-01
   9.2628326e-01
   1.6708113e-01
   7.8727589e-01
   2.8435409e-01
   6.1791882e-01
   9.6537260e-01
   1.2246498e+00
   3.1383606e-01
   8.5910676e-01
   7.6667773e-02
   1.1943843e-01
   9.9384029e-01
   1.5117928e-01
   1.1796923e+00
  -1.4408595e-01
   3.0095472e-01
  -7.5537230e-02
   7.8564451e-01
   7.7472160e-01
   1.1879368e-02
   1.0101851e-01
   1.9460938e-01
   9.8131219e-01
   7.8928713e-02
   4.8995733e-01
   4.4605056e-01
   8.3429488e-01
   6.9225012e-01
  -1.3417114e-01
   9.6410786e-01
   9.0794221e-01
   3.4908226e-01
   2.2590596e-01
   7.4299806e-01
   1.4692740e-01
   9.1103414e-02
   1.0924327e+00
   9.0035358e-01
   3.5856862e-01
   4.8124473e-01
   7.5607579e-01
   8.2909660e-01
   2.6979434e-01
   8.1483548e-02
   8.3087764e-01
   7.3275998e-02
   1.0610963e+00
   4.1942096e-01
   2.1338095e-01
   5.7291692e-01
   1.0670622e+00
   3.2039368e-01
   9.3286060e-01
   1.0683240e+00
   4.5255191e-03
   6.1488052e-01
   7.9615308e-01
   6.1255269e-01
   7.8790683e-01
   2.9407381e-01
   1.0784623e+00
   6.0512858e-01
   9.4335964e-01
   1.0013120e+00
   7.8118332e-01
   1.2339884e+00
   8.1212336e-01
   9.0819638e-01
   7.0853702e-01
   5.7765772e-01
   5.6907026e-01
   4.7424743e-01
   1.0086479e+00
   2.1338095e-01
   9.6372613e-01
   9.0199612e-01
   6.0190568e-01
   5.8266976e-01
   4.7479727e-01
   5.0017882e-01
   3.0551369e-01
   1.3161241e-01
   3.5684838e-01
   7.2518879e-01
   9.1401268e-01
   7.4935353e-01
   3.2528956e-02
   6.0396430e-01
   7.0585505e-01
   5.1828968e-01
   9.1072590e-01
   6.0818824e-02
  -1.2282636e-01
   8.7720131e-01
   3.3187831e-01
   1.0300481e+00
   8.2137119e-01
   1.0154882e+00
   1.2707825e-01
   6.9440051e-01
   8.3429488e-01
   1.4142269e-03
   2.8663394e-01
   8.1490891e-01
   4.9523979e-01
   9.2248845e-01
   1.8439268e-01
   8.4986068e-01
   9.1641751e-01
   5.7792884e-01
  -1.3360671e-01
   3.2499652e-01
   9.5449152e-01
   6.0602283e-01
   7.8449103e-01
   7.2939276e-01
   7.6216822e-01
   9.5550513e-01
   8.4023958e-01
   8.6004979e-02
   8.5910676e-01
   7.7319844e-01
   7.7409099e-01
   1.0248560e+00
   5.9743455e-01
   7.5975222e-01
   8.6606017e-01
   5.5671587e-01
   3.3159935e-01
   2.8569485e-02
   4.1475939e-01
   9.7562189e-01
   5.9179929e-01
   8.1895765e-01
   3.1439478e-01
   5.9984695e-01
  -1.1857457e-01
   7.8512189e-01
   3.0551369e-01
   9.0820873e-02
   3.3942993e-02
   8.0918309e-02
   6.1049431e-01
   5.4937296e-01
   9.5474274e-01
   9.8485604e-01
   9.3324043e-01
   3.4136469e-01
   3.3660188e-02
   1.1008699e-01
   8.2504762e-01
   8.4707494e-01
   1.1843990e+00
   7.4515091e-01
   8.5264636e-01
   9.0515823e-01
   7.4819713e-01
   7.2214291e-01
   6.3992330e-01
   4.2258175e-01
   8.4176153e-01
   6.1845770e-01
   2.8379411e-01
   1.0443612e+00
   9.3222817e-01
   2.8495418e-01
   6.9873920e-02
   9.0730980e-01
   2.2618700e-01
   8.4365723e-01
   9.0768800e-01
   1.0673057e+00
   6.1639959e-01
   4.8323489e-01
   9.2969845e-01
   7.0916571e-01
   8.6505260e-01
   1.2291220e+00
   8.0250494e-01
   7.9425986e-01
   2.9295459e-01
   6.5423446e-01
   7.6342885e-01
   6.0155172e-01
   7.8932117e-01
   1.1717693e+00
   3.2932082e-01
   3.0983628e-01
   1.3955193e-01
   1.1291105e-01
   9.5072031e-02
   9.7271032e-01
  -1.6687493e-02
   3.3132037e-01
   5.8329290e-01
   5.0067343e-02
   6.0155172e-01
   1.0171366e+00
   7.7219932e-01
   8.4822252e-01
   3.4075921e-01
   8.5479993e-01
   9.0262854e-01
   5.7058646e-01
   1.1149907e-01
   1.1807122e+00
   1.2878508e+00
   1.5658099e-01
   1.0621144e+00
   7.5124341e-01
   1.0980105e+00
   9.8131219e-01
   1.0333456e+00
   8.4948640e-01
   1.0584291e+00
   6.0485858e-01
   8.1984867e-01
  -9.7614614e-02
   1.1744521e-01
   9.8384095e-01
   5.4408904e-01
   9.3096331e-01
   1.2113248e-01
   4.3328844e-01
   1.0148563e+00
   8.5049269e-01
   9.1452028e-01
   1.7614733e-01
   4.9839465e-01
   8.4986068e-01
   7.4819713e-01
   1.0640074e+00
   1.1734167e+00
   8.2163050e-01
  -7.6667773e-02
   9.7422486e-01
   5.1763796e-02
   1.0778316e+00
   9.8713562e-01
   9.9928032e-01
   6.0629277e-01
   8.8504442e-01
   1.4267539e-01
   9.2233539e-02
   9.9928032e-01
   3.0867482e-01
   5.6557431e-01
  -1.1036941e-01
  -4.2432450e-02
   7.7515649e-02
   6.0808125e-01
   1.0952212e-01
   8.6795682e-01
   1.0551310e+00
   7.1184750e-01
   7.8716741e-01
   2.5895390e-01
   7.9741535e-01
   7.7598293e-01
   1.5514902e-01
   7.4998345e-01
   8.6758125e-01
   8.1858558e-01
   5.0067343e-02
   7.2366583e-01
  -2.8284524e-03
   6.1384227e-02
   6.0244591e-01
   9.8169496e-01
   5.7971676e-01
   8.3188233e-01
   4.8241097e-01
   1.8495595e-01
   8.5416790e-01
   8.5353588e-01
   8.7147521e-02
   3.1211561e-01
   3.1355667e-01
   1.1130012e+00
   8.2010807e-01
   8.7530465e-01
   1.3332448e-01
   2.9035382e-01
   9.8295942e-01
   7.8906008e-01
   6.0485858e-01
   1.1179481e+00
   1.8439268e-01
   1.0434847e+00
   7.7750614e-01
   9.4778656e-01
   6.1550526e-01
   7.9310708e-01
   8.2226206e-01
   1.4096260e-01
  -1.1375818e-01
   8.9010315e-01
   1.0577980e+00
  -1.3529995e-01
   2.9123437e-01
   9.7751875e-01
   7.3306826e-01
   2.9379403e-01
   6.2471812e-01
   2.9207390e-01
   4.4399472e-01
   1.1008699e-01
   9.6435847e-01
   4.9290728e-01
   6.2328532e-01
   4.9928670e-01
   3.1639448e-01
   4.3884126e-01
   5.8499955e-01
   3.9284964e-01
   5.9599964e-01
   4.6231090e-01
   3.0955681e-01
   3.4996702e-01
   8.5075034e-01
   9.1452028e-01
   8.1401771e-01
   8.5948170e-01
   5.5966859e-01
   3.0067506e-01
   8.7973033e-01
   2.9667496e-01
   8.1795407e-01
   5.7855169e-01
   3.0351386e-01
   8.5948170e-01
   3.1495346e-01
   5.4292325e-01
   3.2727509e-01
   8.5543198e-01
   8.1022922e-01
   8.1732258e-01
   9.3222817e-01
   6.3097891e-01
   6.3723995e-01
   1.0933046e+00
   9.2084444e-01
   7.8270650e-01
   1.2118586e+00
   2.5495438e-01
   8.6100298e-01
   1.2792502e-01
   9.0604499e-01
   8.6011381e-01
   2.9035382e-01
   2.8951421e-01
   9.1173674e-01
   9.1957960e-01
   3.3936537e-01
   5.0395127e-01
   7.4730391e-01
   2.1053852e-01
   1.1265822e+00
   1.1868312e+00
   9.1641751e-01
   9.4335964e-01
   8.3492663e-01
   5.6852730e-01
   5.6522381e-01
   2.8095394e-01
   4.8851670e-01
   3.5540647e-01
   4.2896255e-01
   6.3654739e-02
   1.3010706e-02
   7.8296796e-01
   3.7326749e-01
   2.0001273e-01
   9.8067998e-01
   6.2444895e-01
   1.0101851e-01
   3.8391865e-01
   1.0067521e+00
   1.8126856e-01
   4.9784594e-02
   5.8830507e-01
   1.2356328e+00
   8.5505731e-01
   3.9773091e-01
   6.9403833e-01
   6.0307005e-01
  -3.0832069e-02
   4.1709008e-01
   9.4690243e-01
   9.0820873e-02
   6.2515003e-02
   9.7271032e-01
   8.0933791e-01
   9.7460720e-01
   9.4462449e-01
   9.6941689e-01
   1.8070518e-01
   3.8467674e-02
   1.1333283e+00
   8.8909378e-01
   9.4374014e-01
  -3.3660188e-02
   3.1755630e-01
   1.1633750e+00
   2.7179425e-01
   9.3222817e-01
   1.0142245e+00
   9.6182907e-01
   4.8933998e-01
   7.4299806e-01
   1.0271362e+00
   1.5827283e-01
   5.4381659e-01
   1.1585127e+00
   8.7404027e-01
   2.0797735e-01
   8.7226324e-01
   1.0513438e+00
   1.2935448e-01
   8.5391045e-01
   1.0418356e+00
   3.5856862e-01
   9.0895291e-01
   8.7099880e-01
   1.1744521e-01
   2.1594214e-01
   9.2527144e-01
   1.6111482e-01
   9.0958537e-01
   9.2413267e-01
   7.0012773e-01
   6.5916408e-02
   8.4948640e-01
   2.8123401e-01
   6.1049431e-01
   8.6821345e-01
   9.4525691e-01
   8.9035844e-01
   8.5100795e-01
   3.2699603e-01
   1.0918023e+00
   9.7523947e-01
   8.8567673e-01
   8.7504847e-01
   6.3363059e-02
   7.9184500e-01
   6.2232313e-02
   7.8790683e-01
   1.8523757e-01
   6.0512858e-01
   9.5512391e-01
   3.0067506e-01
   9.7271032e-01
   6.3366219e-01
   9.8928106e-01
   5.6701124e-01
   3.0095472e-01
   7.3243877e-01
   5.6295258e-02
   3.4796803e-01
   4.7219008e-01
   7.7776788e-01
   9.9320819e-01
   3.1727701e-01
   9.0983946e-01
   8.6189207e-01
   9.8878315e-01
   1.1772756e-01
   8.4176153e-01
   3.3587692e-01
   1.1047554e+00
   2.4870999e-01
   6.3876030e-01
   3.1155677e-01
   1.2342191e+00
   4.9551401e-01
   1.4579903e-01
   8.4822252e-01
   9.5449152e-01
   9.2818068e-01
   9.8320878e-01
   2.9895473e-01
   7.7798268e-02
   2.3758847e-01
   6.0924532e-01
   3.3703963e-01
   1.9688884e-01
   7.9678420e-01
   1.0271334e-01
   3.8935545e-01
   3.6028883e-01
   5.7819994e-01
   7.0102182e-01
   5.5492880e-01
   1.0339771e+00
   9.7751875e-01
   9.9067967e-01
   7.3396182e-01
   9.2084444e-01
   5.5939674e-01
   8.3555840e-01
   9.8523901e-01
   1.1972078e-01
   5.9922295e-01
   8.4112967e-01
   8.2972831e-01
   5.8768168e-01
   1.2077797e+00
   9.7372494e-01
  -9.8179590e-02
   5.9296389e-01
   2.0626022e-01
   1.0310652e+00
   9.5072031e-02
   7.6673753e-01
   4.9228969e-01
   8.3644866e-01
   3.3276195e-01
   7.0156579e-02
   3.5074197e-02
   4.7863747e-01
   3.3903884e-01
   4.4138721e-01
   8.6137808e-01
   8.2378442e-01
   3.0439544e-01
   8.2200277e-01
   8.3897587e-01
   9.1844012e-01
   1.2445038e-02
   7.6495203e-01
   8.4733279e-01
   1.0996597e+00
   5.5170422e-01
   1.1234627e-01
   1.3870546e-01
   1.2141481e-01
   7.4123982e-02
   1.0148563e+00
   2.9579397e-01
   6.1282236e-01
   8.4087146e-01
   3.2271776e-01
   8.9099077e-01
   1.0745332e+00
  -1.6367506e-01
   8.0529003e-01
   2.1422460e-01
   1.1986753e+00
   3.0839533e-01
   9.5031615e-01
   5.8589357e-01
   5.6289313e-01
   7.4389132e-01
   2.4983262e-01
   8.5227189e-01
   8.9820176e-01
   9.8485604e-01
   9.6372613e-01
   2.8663394e-01
   9.5866718e-01
   9.9485589e-01
   7.0459793e-01
   1.0472727e+00
   5.7765772e-01
   8.2567925e-01
   3.0895429e-01
   1.1656507e+00
   6.8357447e-01
   9.7397492e-01
   5.8499955e-01
   6.2328532e-01
   8.6416363e-01
   8.4833892e-01
   1.1772756e-01
   5.8946988e-01
  -5.0067343e-02
   7.5696875e-01
   4.8088057e-02
   9.2565079e-01
   9.4677348e-01
   8.7226324e-01
   8.3986599e-01
   4.8879115e-01
   7.9489090e-01
   4.6391452e-02
   8.6315624e-01
   9.6031347e-01
   9.0073132e-01
   6.4886782e-01
   5.5438474e-01
   3.4768943e-01
   1.7361145e-01
   2.9123437e-01
   8.5580669e-01
   1.0096641e+00
   3.6949708e-01
   9.9928032e-01
   1.2055798e+00
   5.3791190e-01
   2.9151423e-01
   1.0996597e+00
   8.3492663e-01
  -3.5074197e-02
   4.8851670e-01
  -4.4694779e-02
   9.8776780e-01
   7.1032486e-01
   1.0294165e+00
   8.7188741e-01
   8.9756939e-01
   7.5733609e-01
   5.4463388e-01
   3.6261636e-01
  -8.9690675e-02
   5.1767045e-01
   8.3492663e-01
   7.9641379e-01
   1.2162203e-02
   2.7351399e-01
   4.6869175e-01
   6.1586052e-01
   8.2542015e-01
   8.0566109e-01
   3.2215938e-01
   1.3898762e-01
   7.0396943e-01
   2.7807424e-01
   3.1555652e-01
   8.9440761e-01
   4.8618426e-01
   1.4579903e-01
   4.8707598e-01
   2.4323507e-02
   1.5345701e-01
   8.6631690e-01
   8.9946653e-01
   1.0786075e+00
   1.9035929e-01
   6.1103381e-01
   4.7507216e-01
   3.1155677e-01
  -2.0364167e-02
   4.7802086e-01
   8.2163050e-01
   9.2969845e-01
   7.7650655e-01
   4.5620526e-01
   3.1123349e-01
   2.9835327e-01
   3.2099726e-01
   4.8618426e-01
   1.9688884e-01
   7.8259862e-01
   9.4690243e-01
   1.1705137e+00
   1.0858355e+00
   9.4146233e-01
   8.6568475e-01
   4.6752567e-01
   7.3968835e-01
   1.0061201e+00
   1.9207566e-01
   1.1313816e-03
   1.0881152e+00
   4.7335621e-01
   5.1156661e-01
   9.0174155e-01
   8.6530938e-01
   2.8551414e-01
   9.4816733e-01
   2.7407438e-01
   1.0598341e+00
   1.3360671e-01
   7.0012773e-01
   3.3071582e-01
   8.8668588e-01
   3.7698546e-01
   9.6309379e-01
   4.2868618e-01
   3.2899545e-01
   5.1067415e-01
   3.0723397e-01
   1.0551310e+00
   7.7992174e-01
  -3.7902110e-02
   9.5676996e-01
   4.8090265e-01
   8.2846490e-01
   8.6074594e-01
   9.4057776e-01
   7.0459793e-01
   2.5523491e-01
   9.4968376e-01
   2.0969466e-01
   9.5866718e-01
   1.9804261e-01
   8.1123207e-01
   1.7586559e-01
  -7.4123982e-02
   9.6688774e-01
   2.3274682e-01
   8.0072176e-01
  -6.0253411e-02
   9.0895291e-01
   4.6292638e-01
   1.0352402e+00
   2.8284524e-03
   3.5889740e-01
   1.7076903e-01
   9.6056434e-01
   7.9641379e-01
   5.9510542e-01
   1.1292503e+00
   9.3703520e-01
   1.0794808e+00
   2.4755228e-01
   8.6289933e-01
   1.2254406e-01
   3.3941418e-03
   7.9793665e-01
   7.0280992e-01
   6.2856467e-01
   5.9269340e-01
   1.0194169e+00
   5.5465678e-01
   9.5803478e-01
   1.0209273e+00
   7.0254435e-01
   9.2400658e-01
   5.0312947e-01
   6.5334003e-01
   8.5758545e-01
   7.6584480e-01
   8.3036005e-01
   3.2211402e-01
   8.9946653e-01
   6.1013956e-01
   9.5158091e-01
   8.1149196e-01
   1.9292031e-01
  -1.5174333e-01
   6.1228300e-01
   9.0604499e-01
   5.8768168e-01
   8.0692373e-01
   5.7031503e-01
   2.8063430e-01
   8.0261541e-01
   3.5429286e-01
   5.7614102e-01
   7.5254586e-02
   3.2555472e-01
   9.3640274e-01
   9.1515269e-01
   1.7133266e-01
   8.1605966e-01
   8.5859243e-01
   5.9510542e-01
   8.0781518e-01
  -1.1462147e-01
   3.2643788e-01
   8.0655256e-01
   9.3703520e-01
   9.6018283e-01
   6.2767030e-01
   5.9269340e-01
   3.3387766e-01
   9.7435726e-01
   1.0096641e+00
   7.7130678e-01
   7.6038247e-01
   4.7280626e-01
   6.1398626e-01
   8.9452993e-01
   2.1765985e-01
   6.6979890e-01
   3.2471740e-01
   8.3771223e-01
   1.0356259e+00
   7.1668064e-01
   9.3094254e-02
   7.5481562e-01
   9.3222817e-01
   3.2246145e-02
   9.3703520e-01
   8.9415258e-01
   1.0065043e+00
   9.8004775e-01
   8.1275479e-01
   6.7758109e-01
   4.2896255e-01
