   2.4819550e+00
   1.8970029e+00
   2.9740340e+00
   1.8360411e+00
   1.5027390e+00
   1.8902026e+00
   1.6737411e+00
   1.8274626e+00
   2.6790299e+00
   2.8849264e+00
   1.9320272e+00
   2.9197931e+00
   2.9006409e+00
   2.1117663e+00
   1.6929016e+00
   2.7978048e+00
   2.3701614e+00
   1.9494337e+00
   1.9024797e+00
   1.8029832e+00
   2.3002967e+00
   2.7123510e+00
   2.4434868e+00
   2.8622761e+00
   1.7366568e+00
   1.7296181e+00
   2.0874553e+00
   2.8361573e+00
   2.7243778e+00
   2.4067499e+00
   1.8884282e+00
   2.2164562e+00
   2.5446799e+00
   2.0979082e+00
   2.7296846e+00
   1.6233161e+00
   1.4292900e+00
   2.4748978e+00
   2.0351384e+00
   2.1344886e+00
   1.7628705e+00
   2.2620578e+00
   1.5742796e+00
   1.8221174e+00
   2.0942193e+00
   1.4520624e+00
   2.1991861e+00
   1.4834721e+00
   1.5847116e+00
   1.4101469e+00
   1.5235827e+00
   2.7400988e+00
   2.9671040e+00
   1.5043843e+00
   2.8867179e+00
   1.7800967e+00
   2.4975152e+00
   1.4362186e+00
   2.6511149e+00
   1.7087597e+00
   2.5883533e+00
   2.5831462e+00
   1.5149423e+00
   1.5619986e+00
   2.1851262e+00
   2.8257958e+00
   2.0298006e+00
   2.5097324e+00
   1.5812156e+00
   1.8080062e+00
   1.8464110e+00
   1.9877835e+00
   2.6093016e+00
   1.4380773e+00
   1.4940306e+00
   1.4992391e+00
   1.9565178e+00
   2.8955301e+00
   2.7139917e+00
   2.1520553e+00
   1.7226377e+00
   2.3996986e+00
   2.1834999e+00
   2.4890742e+00
   2.2672746e+00
   2.4400255e+00
   2.9583180e+00
   2.4608493e+00
   2.2724918e+00
   1.4643365e+00
   2.1659337e+00
   2.1275891e+00
   2.9809340e+00
   1.8709824e+00
   1.9895329e+00
   2.4226090e+00
   1.9092806e+00
   1.5707828e+00
   2.5062619e+00
   2.1798117e+00
   2.1327115e+00
   1.9477951e+00
   2.2706627e+00
   2.6163252e+00
   2.0054828e+00
   2.3544922e+00
   2.0157933e+00
   2.0525085e+00
   1.4591282e+00
   1.9373285e+00
   2.7523122e+00
   2.9775381e+00
   2.8640280e+00
   2.6965644e+00
   2.2775912e+00
   2.0611872e+00
   2.4207703e+00
   2.9651565e+00
   1.4799721e+00
   2.0489837e+00
   2.8082147e+00
   1.6652064e+00
   1.7017214e+00
   2.7855278e+00
   1.9687617e+00
   2.0088721e+00
   1.9355516e+00
   2.7679460e+00
   1.8622544e+00
   2.0472044e+00
   1.5952871e+00
   2.1483659e+00
   2.7733633e+00
   2.5516864e+00
   1.7959923e+00
   2.4854248e+00
   2.1886615e+00
   1.6249659e+00
   2.1712484e+00
   2.4083771e+00
   2.4032889e+00
   2.7261273e+00
   1.5079472e+00
   2.3805918e+00
   1.7714719e+00
   2.2427937e+00
   1.9145842e+00
   1.9774585e+00
   2.1256208e+00
   2.0228786e+00
   2.7367090e+00
   2.9723855e+00
   1.9424952e+00
   2.8116846e+00
   1.9512113e+00
   1.8326276e+00
   2.0734744e+00
   2.1570821e+00
   2.2043034e+00
   2.5900460e+00
   2.3229359e+00
   2.3962379e+00
   2.2742522e+00
   2.8239608e+00
   2.6859521e+00
   2.6563452e+00
   2.4679677e+00
   1.6807702e+00
   2.9146825e+00
   2.2252029e+00
   1.6440712e+00
   2.5377394e+00
   2.1693350e+00
   2.8606342e+00
   2.1311265e+00
   2.1625471e+00
   2.4258587e+00
   1.4311391e+00
   2.1762758e+00
   2.0541273e+00
   2.3771318e+00
   2.0838979e+00
   1.6023640e+00
   2.2112880e+00
   2.9339243e+00
   2.9251387e+00
   2.6143581e+00
   2.6948165e+00
   1.8501129e+00
   1.6771851e+00
   1.7504881e+00
   2.9497683e+00
   1.9810156e+00
   2.9356373e+00
   1.7836699e+00
   1.5515668e+00
   1.5445717e+00
   2.5691174e+00
   1.8604819e+00
   1.5585007e+00
   1.7208326e+00
   2.5428356e+00
   2.6213109e+00
   2.4119675e+00
   2.9094935e+00
   1.8761480e+00
   2.8729531e+00
   2.7435374e+00
   2.6390148e+00
   2.3370895e+00
   2.3982011e+00
   2.7768374e+00
   1.9199216e+00
   2.5970003e+00
   2.4416531e+00
   2.0507630e+00
   1.6719500e+00
   1.8517548e+00
   2.3126903e+00
   1.8866762e+00
   1.7592747e+00
   2.4871147e+00
   2.4381855e+00
   1.4818283e+00
   1.8203255e+00
   1.5429224e+00
   1.5202242e+00
   2.0856766e+00
   2.5621784e+00
   1.9112058e+00
   1.7576666e+00
   2.7086851e+00
   2.1867526e+00
   2.6912580e+00
   1.9913117e+00
   1.4729138e+00
   1.9181454e+00
   1.8674202e+00
   2.5115760e+00
   2.9408275e+00
   1.8743959e+00
   2.5186308e+00
   2.9217422e+00
   1.9058687e+00
   2.0333591e+00
   1.8239017e+00
   2.4922020e+00
   1.5324312e+00
   2.0961863e+00
   1.7767002e+00
   2.9704382e+00
   1.9389666e+00
   1.8117481e+00
   2.8588823e+00
   1.6912518e+00
   2.0264369e+00
   2.6354783e+00
   2.2880201e+00
   2.0315798e+00
   2.2132465e+00
   2.3509026e+00
   2.8396267e+00
   2.0822768e+00
   2.9617144e+00
   1.6632713e+00
   2.2949474e+00
   2.8099667e+00
   1.9948693e+00
   2.5307331e+00
   1.4609779e+00
   1.9739300e+00
   2.0071238e+00
   1.7436490e+00
   1.6162400e+00
   2.4592218e+00
   1.7191835e+00
   2.5726544e+00
   2.5708098e+00
   2.6475568e+00
   1.8046100e+00
   2.0140453e+00
   2.7192985e+00
   2.1730236e+00
   2.5237924e+00
   2.0385023e+00
   2.7070443e+00
   2.6319922e+00
   2.3874334e+00
   2.5132029e+00
   1.5638479e+00
   2.3423047e+00
   1.7155989e+00
   2.7557809e+00
   2.9235353e+00
   2.1239970e+00
   2.9111753e+00
   2.1746496e+00
   2.3195316e+00
   1.8342708e+00
   2.2148738e+00
   2.1153193e+00
   2.2480096e+00
   1.4973893e+00
   2.6685487e+00
   2.4539200e+00
   2.8047447e+00
   2.9828201e+00
   1.9792370e+00
   2.2497788e+00
   2.9461727e+00
   1.7662673e+00
   2.3823465e+00
   2.7349020e+00
   1.8795614e+00
   1.4905306e+00
   2.9320418e+00
   1.7488805e+00
   2.6668027e+00
   2.5342034e+00
   2.9058989e+00
   2.8780639e+00
   2.1677091e+00
   1.7679146e+00
   1.6964868e+00
   2.6425005e+00
   1.4399265e+00
   1.8011974e+00
   1.4661864e+00
   2.4783676e+00
   2.0576857e+00
   1.5532146e+00
   2.3928573e+00
   2.1187205e+00
   2.5412097e+00
   2.8134366e+00
   2.9793162e+00
   1.4747636e+00
   2.2392523e+00
   1.9930905e+00
   2.0019552e+00
   2.9182354e+00
   2.7576490e+00
   1.8693701e+00
   2.6651845e+00
   1.9636329e+00
   2.5323594e+00
   1.8133517e+00
   1.5289320e+00
   1.4678365e+00
   2.7959373e+00
   2.2025861e+00
   1.7522770e+00
   1.6109514e+00
   1.6075072e+00
   1.5497177e+00
   2.6895104e+00
   1.9040934e+00
   2.5254188e+00
   1.8449473e+00
   1.8586923e+00
   2.9373211e+00
   2.2374911e+00
   1.6703002e+00
   2.0368850e+00
   2.7591708e+00
   2.2199892e+00
   1.5130925e+00
   1.8832631e+00
   2.4765253e+00
   1.9721516e+00
   2.5848847e+00
   2.8657446e+00
   2.1380257e+00
   2.6370989e+00
   2.2636854e+00
   2.2933701e+00
   1.5899991e+00
   1.7557188e+00
   2.4348081e+00
   1.9407179e+00
   1.9286127e+00
   2.3492770e+00
   2.3753767e+00
   1.7610631e+00
   2.1415792e+00
   1.4172859e+00
   2.2811807e+00
   2.6039006e+00
   1.7051652e+00
   2.2219483e+00
   1.9076443e+00
   2.6285566e+00
   2.1222580e+00
   1.4119954e+00
   2.1101434e+00
   1.8169122e+00
   2.0438071e+00
   1.5219362e+00
   2.9531649e+00
   1.5254357e+00
   2.0246577e+00
   1.6144446e+00
   2.0280534e+00
   2.6196891e+00
   1.4502128e+00
   2.1398421e+00
   2.3631120e+00
   1.9303894e+00
   1.7139937e+00
   1.5464210e+00
   2.6301479e+00
   2.6074570e+00
   1.6093018e+00
   1.7645043e+00
   1.4921807e+00
   2.8308215e+00
   2.0455863e+00
   2.7924674e+00
   2.9689891e+00
   2.4171804e+00
   2.6232262e+00
   1.5603505e+00
   2.8223260e+00
   2.3212383e+00
   1.4713951e+00
   2.0681095e+00
   1.8553165e+00
   2.5638034e+00
   1.9339499e+00
   2.6022777e+00
   1.8642044e+00
   2.8536967e+00
   1.6842222e+00
   1.9007043e+00
   1.6213237e+00
   2.4521720e+00
   2.7208203e+00
   2.0803968e+00
   1.8308759e+00
   2.3091001e+00
   2.3527355e+00
   2.4991424e+00
   1.5932959e+00
   2.4694679e+00
   2.3387146e+00
   2.9635991e+00
   2.1781856e+00
   2.3563252e+00
   2.5358951e+00
   1.8185567e+00
   2.7803068e+00
   2.0037038e+00
   2.4487036e+00
   2.8553004e+00
   1.7750534e+00
   1.6005724e+00
   2.3787583e+00
   2.6179472e+00
   2.6702872e+00
   1.5724314e+00
   1.5916482e+00
   2.9128897e+00
   2.9270207e+00
   2.9444233e+00
   2.4940449e+00
   1.8378321e+00
   1.8483414e+00
   2.3246943e+00
   2.8063474e+00
   1.4853220e+00
   1.5865034e+00
   1.9581298e+00
   2.2077541e+00
   2.4295072e+00
   1.5359301e+00
   2.0890768e+00
   1.5270823e+00
   2.2828025e+00
   2.3579510e+00
   1.4624867e+00
   1.5779185e+00
   2.4329684e+00
   1.9250847e+00
   1.4416347e+00
   2.8971747e+00
   2.5202573e+00
   1.5795667e+00
   2.7821387e+00
   2.7698938e+00
   2.6721073e+00
   1.7383053e+00
   2.6459370e+00
   1.4766134e+00
   2.2758310e+00
   1.6354883e+00
   1.7906467e+00
   2.7714154e+00
   2.2460488e+00
   1.5095927e+00
   2.7541803e+00
   2.5027280e+00
   2.5865086e+00
   2.6547033e+00
   2.3159413e+00
   2.3910237e+00
   1.5830628e+00
   1.6563341e+00
   1.4695451e+00
   2.1920670e+00
   1.7069556e+00
   2.1030874e+00
   1.4259326e+00
   2.3073410e+00
   2.1501424e+00
   2.5167871e+00
   2.8464882e+00
   2.0402817e+00
   2.1641727e+00
   2.9425400e+00
   2.2899827e+00
   2.3264525e+00
   2.6878194e+00
   2.3439300e+00
   2.2287443e+00
   1.9703733e+00
   1.7732598e+00
   1.7978011e+00
   2.5551563e+00
   2.5760163e+00
   1.4432845e+00
   2.5288891e+00
   2.4451144e+00
   2.7749697e+00
   2.2567559e+00
   2.8430189e+00
   2.7664244e+00
   2.8693724e+00
   1.5881514e+00
   1.9966184e+00
   2.7228560e+00
   2.5777645e+00
   1.6300584e+00
   2.7016447e+00
   2.9566067e+00
   1.6946836e+00
   1.5305816e+00
   2.3141824e+00
   2.8920634e+00
   1.8920125e+00
   1.7244169e+00
   2.8499573e+00
   2.6929934e+00
   2.2305056e+00
   2.4190189e+00
   2.3107272e+00
   2.0175725e+00
   1.6195361e+00
   2.2654459e+00
   2.6598805e+00
   2.7051271e+00
   1.6527491e+00
   2.0925976e+00
   1.8255308e+00
   1.4206429e+00
   1.7103992e+00
   1.9231362e+00
   1.7348509e+00
   1.4277916e+00
   2.2410791e+00
   1.4781222e+00
   2.7994073e+00
   2.2269642e+00
   2.0647453e+00
   2.8484381e+00
   2.3037506e+00
   2.1938283e+00
   2.4556331e+00
   1.7820454e+00
   2.2584690e+00
   1.7278710e+00
   2.7384590e+00
   2.4103401e+00
   2.7331520e+00
   2.3596530e+00
   2.0559065e+00
   1.9983973e+00
   1.6371335e+00
   2.8814590e+00
   2.8710033e+00
   2.0001762e+00
   2.5815222e+00
   1.8290663e+00
   2.0908191e+00
   1.4487006e+00
   1.4469835e+00
   1.5552046e+00
   2.3735419e+00
   2.5989144e+00
   1.5412144e+00
   2.4626907e+00
   1.8656473e+00
   2.1554567e+00
   2.3179046e+00
   1.9860048e+00
   2.6127685e+00
   1.6876665e+00
   1.6493056e+00
   2.0716673e+00
   2.3019912e+00
   1.5654961e+00
   1.6405766e+00
   1.6318996e+00
   1.8099558e+00
   2.3667017e+00
   2.5081054e+00
   2.3893968e+00
   2.7872459e+00
   1.9845441e+00
   2.5011010e+00
   2.9601120e+00
   1.6387834e+00
   2.4730558e+00
   1.6999308e+00
   2.5498419e+00
   1.6599778e+00
   1.9652055e+00
   2.1206344e+00
   2.2182175e+00
   2.8886678e+00
   1.5985838e+00
   2.8291038e+00
   1.9461940e+00
   2.0786179e+00
   2.7419271e+00
   2.4801127e+00
   2.5796775e+00
   1.8780978e+00
   1.5114468e+00
   2.8571656e+00
   2.7454054e+00
   2.4905747e+00
   2.2322763e+00
   2.7472343e+00
   2.5741715e+00
   1.7994047e+00
   2.2551283e+00
   2.8937789e+00
   1.9529622e+00
   2.6005374e+00
   2.9478201e+00
   2.4572607e+00
   2.6267124e+00
   2.7646733e+00
   2.5603337e+00
   1.7540710e+00
   2.6528597e+00
   2.9077790e+00
   2.7837763e+00
   2.1137340e+00
   2.4505443e+00
   2.4139303e+00
   2.3841821e+00
   2.0420610e+00
   2.7315525e+00
   2.3300425e+00
   2.1815905e+00
   1.6755352e+00
   2.6739501e+00
   2.9304175e+00
   1.4348472e+00
   1.5167280e+00
   2.7907157e+00
   2.7943350e+00
   2.1064510e+00
   2.5221658e+00
   2.3352572e+00
   1.6894490e+00
   2.7036055e+00
   1.8727623e+00
   2.4364357e+00
   2.5533118e+00
   1.8937645e+00
   2.6058680e+00
   1.4886807e+00
   2.5463056e+00
   2.1904836e+00
   1.7172480e+00
   2.3055099e+00
   1.8814892e+00
   2.7889975e+00
   2.8676090e+00
   1.7925959e+00
   1.5062388e+00
   2.8414625e+00
   2.8274304e+00
   1.4329980e+00
   1.7854419e+00
   2.7786690e+00
   2.0752182e+00
   2.2008130e+00
   2.0211310e+00
   1.4957392e+00
   1.5375772e+00
   1.8570886e+00
   2.1048657e+00
   2.4016618e+00
   2.8151546e+00
   2.3614864e+00
   1.6543991e+00
   1.6579841e+00
   2.3316672e+00
   2.3648678e+00
   2.5393654e+00
   2.6755917e+00
   2.9547224e+00
   2.3404721e+00
   2.4313466e+00
   2.0629663e+00
   2.4713099e+00
   2.8012748e+00
   1.4537791e+00
   2.6616260e+00
   2.4469549e+00
   2.7001230e+00
   1.9600767e+00
   2.9513258e+00
   2.9024332e+00
   1.6685062e+00
   1.9618547e+00
   1.6789869e+00
   2.0769971e+00
   1.8429974e+00
   1.8151610e+00
   2.7612044e+00
   1.9161966e+00
   1.7872503e+00
   2.5587084e+00
   1.4224919e+00
   2.7506243e+00
   1.7698490e+00
   1.7330728e+00
   1.5969364e+00
   1.4451339e+00
   2.2358636e+00
   1.6981364e+00
   1.4556286e+00
   2.6633653e+00
   1.6125981e+00
   1.9268612e+00
   2.0122660e+00
   2.5482163e+00
   2.3683270e+00
   1.9216733e+00
   2.5935323e+00
   1.6668563e+00
   1.4870365e+00
   1.6284085e+00
   2.5045712e+00
   1.5394266e+00
   2.6250910e+00
   2.5656480e+00
   1.7452850e+00
   2.8379931e+00
   2.1589935e+00
   1.8065430e+00
   1.8953675e+00
   2.4956721e+00
   1.5672854e+00
   1.7888536e+00
   2.2444212e+00
   2.4663402e+00
   1.7940588e+00
   2.8990373e+00
   2.8204912e+00
   2.8342912e+00
   1.8850373e+00
   1.9669836e+00
   2.1432039e+00
   2.6109240e+00
   2.0996866e+00
   2.8326879e+00
   2.3944844e+00
   2.2515397e+00
   2.9758896e+00
   2.4050416e+00
   2.1170971e+00
   1.6476557e+00
   2.4643794e+00
   1.6336970e+00
   2.6843356e+00
   2.2969101e+00
   1.7122035e+00
   1.8535067e+00
   2.3282845e+00
   1.9757085e+00
   2.7174306e+00
   1.5759282e+00
   2.5150467e+00
   1.6056629e+00
   2.5953770e+00
   2.6775086e+00
   2.2061270e+00
   1.5008842e+00
   2.8763479e+00
   1.6040134e+00
   2.1293491e+00
   2.2985374e+00
   2.6494227e+00
   1.6422265e+00
   1.7784647e+00
   2.0698884e+00
