  -2.3897192e+00
  -2.6673452e+00
  -2.3038804e+00
   3.1232082e+00
  -2.3949186e+00
  -2.2892038e+00
  -2.8423582e+00
  -2.8737982e+00
  -2.4216017e+00
  -2.2201158e+00
  -2.2808467e+00
  -2.3276869e+00
  -2.3656097e+00
  -2.2886888e+00
  -3.0691647e+00
  -2.8569586e+00
  -2.7821386e+00
  -2.5550758e+00
  -2.6420319e+00
  -2.2175861e+00
  -2.1338244e+00
  -2.2414937e+00
  -2.1528095e+00
  -2.8320794e+00
  -2.9870076e+00
  -3.0833183e+00
   3.1127403e+00
  -2.8780783e+00
   3.0453905e+00
  -2.2172068e+00
  -2.8595185e+00
  -2.3135005e+00
  -2.1965876e+00
  -2.4148809e+00
  -2.6411398e+00
  -2.0834077e+00
  -2.8746392e+00
  -2.5668880e+00
  -3.0230181e+00
  -2.1889983e+00
  -2.1512963e+00
  -2.5464872e+00
  -2.3171766e+00
   3.0309408e+00
  -2.8729195e+00
  -2.5462168e+00
  -2.2140444e+00
  -2.1650887e+00
  -2.8415192e+00
  -2.1258573e+00
  -3.0519020e+00
  -2.0821455e+00
  -2.3159134e+00
  -1.9362459e+00
  -2.3629324e+00
  -2.3013531e+00
  -2.3454396e+00
  -2.2914743e+00
  -2.2237850e+00
  -2.5895392e+00
  -2.3458099e+00
   3.1285819e+00
  -2.3341487e+00
   3.0400092e+00
  -2.2955237e+00
  -2.1948192e+00
  -1.8921511e+00
  -2.0864617e+00
  -2.3155408e+00
  -2.3150227e+00
  -2.2840072e+00
  -2.2361801e+00
  -2.3531635e+00
  -2.6586324e+00
  -2.5736877e+00
  -2.1787496e+00
  -2.5471110e+00
  -2.3017267e+00
  -2.3610401e+00
  -2.7881849e+00
  -2.5198269e+00
  -2.2899527e+00
  -2.1976006e+00
  -2.8503583e+00
  -2.2895783e+00
  -2.2077198e+00
  -2.1906441e+00
  -2.9793502e+00
  -2.3531635e+00
  -3.0867111e+00
  -2.4336843e+00
  -2.8343587e+00
  -2.6539677e+00
  -2.1471203e+00
  -2.6507435e+00
  -2.1803959e+00
  -2.4633840e+00
  -2.4385172e+00
  -2.4775198e+00
  -2.6253617e+00
  -2.8154339e+00
  -2.0974766e+00
  -2.5423697e+00
  -2.3140184e+00
  -2.2193575e+00
  -2.2727470e+00
  -2.5418293e+00
  -2.2926217e+00
  -2.2096172e+00
  -2.1753372e+00
  -2.0697270e+00
  -2.0205863e+00
  -2.2718583e+00
  -2.2254288e+00
  -2.1609127e+00
  -2.1086327e+00
  -2.3217440e+00
  -2.5011324e+00
  -2.2064548e+00
  -2.8191541e+00
  -2.0617238e+00
  -3.0326508e+00
  -2.1290165e+00
  -2.3657167e+00
  -2.1688823e+00
  -2.4270636e+00
  -2.3435461e+00
  -2.1772342e+00
  -2.3991217e+00
  -2.1571195e+00
  -1.9564085e+00
  -2.5219713e+00
  -3.1127403e+00
  -2.5512286e+00
  -1.9720988e+00
  -2.6431980e+00
  -2.1820422e+00
   3.0397267e+00
  -2.0041860e+00
  -2.5108826e+00
  -2.0978628e+00
  -2.5562407e+00
   3.0677513e+00
  -2.0749179e+00
  -2.1563536e+00
  -3.0303760e+00
   3.0147967e+00
   3.0411391e+00
  -2.2646474e+00
  -2.6618561e+00
  -2.3045122e+00
  -2.7824169e+00
  -2.3534246e+00
  -2.1753372e+00
  -2.5778058e+00
  -2.3460707e+00
  -2.7933460e+00
  -2.1717937e+00
  -2.7024753e+00
  -2.5986694e+00
  -2.3227476e+00
  -2.2077198e+00
  -2.9770719e+00
  -2.3677636e+00
  -2.3208530e+00
  -2.3282064e+00
  -2.2073398e+00
  -2.0745305e+00
  -2.8475188e+00
  -2.8205954e+00
  -2.9583266e+00
  -2.7102987e+00
  -2.8048319e+00
  -2.5680531e+00
  -2.2184717e+00
  -2.2842644e+00
  -3.0847319e+00
  -2.3069246e+00
  -3.0417041e+00
  -2.2874248e+00
  -2.1919089e+00
  -2.3316234e+00
  -2.7850226e+00
  -2.5648289e+00
  -2.3421332e+00
  -3.1362186e+00
  -2.9688510e+00
  -2.8108768e+00
  -2.2489600e+00
  -3.0541625e+00
  -2.8715181e+00
  -2.3124961e+00
  -2.3326261e+00
  -2.2923640e+00
   3.1379157e+00
  -2.8515187e+00
  -2.6816139e+00
  -2.2345371e+00
  -2.3601478e+00
  -2.1615449e+00
  -2.8354768e+00
  -2.2774290e+00
  -2.4366316e+00
  -2.2911000e+00
  -2.2780612e+00
  -2.4418276e+00
  -2.1791312e+00
  -2.6332507e+00
  -2.5337813e+00
  -2.1592655e+00
  -2.8306386e+00
  -2.3973350e+00
  -2.2383317e+00
   3.1350872e+00
  -2.6830553e+00
  -2.0951962e+00
  -2.5130280e+00
  -2.5405812e+00
  -2.8111558e+00
  -2.1050895e+00
  -2.1743230e+00
  -2.2859033e+00
  -2.4088898e+00
  -2.3159134e+00
  -2.1586332e+00
  -2.8492389e+00
  -2.5485461e+00
  -2.8389176e+00
  -2.2077198e+00
  -2.2260613e+00
  -2.1695146e+00
  -3.0431306e+00
  -2.1839392e+00
  -2.5456761e+00
  -3.0380320e+00
  -2.1755877e+00
  -3.1175520e+00
  -3.0838837e+00
  -2.8088307e+00
  -2.3960753e+00
  -2.6591817e+00
  -2.8720786e+00
  -2.5405812e+00
  -2.4258058e+00
  -2.5630410e+00
  -2.5523934e+00
  -2.9955115e+00
  -1.9700591e+00
  -2.9401445e+00
  -2.5322625e+00
  -2.5258179e+00
  -2.2761647e+00
  -3.0739801e+00
  -3.0756762e+00
  -2.2874248e+00
  -2.8117138e+00
  -2.6373675e+00
  -2.6626804e+00
  -2.2106293e+00
  -2.2368125e+00
  -2.3344088e+00
  -2.2146769e+00
  -2.5189325e+00
  -2.4378887e+00
  -1.9110569e+00
  -2.1602805e+00
  -3.0725667e+00
  -1.9394651e+00
  -2.8002280e+00
   3.1410270e+00
  -1.9063542e+00
  -2.1039320e+00
  -2.4351090e+00
  -2.3809475e+00
  -2.3512707e+00
  -2.1852040e+00
  -2.3894561e+00
  -2.1801452e+00
  -2.8383584e+00
  -3.0374523e+00
  -2.4381542e+00
  -2.8163170e+00
  -2.2995730e+00
  -3.1068013e+00
  -2.2474401e+00
   3.1297133e+00
  -3.0159258e+00
  -2.2404836e+00
  -2.1931737e+00
  -2.8245950e+00
  -2.2228990e+00
  -2.1509130e+00
  -2.8406379e+00
  -2.4751041e+00
  -2.1657209e+00
  -2.7190109e+00
  -2.8217574e+00
  -2.1917796e+00
  -3.0051640e+00
  -2.1680000e+00
  -2.2861607e+00
  -2.5260874e+00
  -2.1927929e+00
  -2.8225951e+00
  -2.4003812e+00
  -2.8257568e+00
  -2.0119521e+00
  -2.4405708e+00
  -2.3118643e+00
  -2.9495170e+00
  -2.2376993e+00
  -2.5486288e+00
  -2.1105274e+00
  -2.5414755e+00
  -2.9324606e+00
  -2.7743718e+00
  -2.5672393e+00
  -2.1063525e+00
  -2.3534246e+00
  -2.8563585e+00
  -2.8148757e+00
  -2.7962297e+00
  -2.2524989e+00
   2.9986351e+00
  -2.2220131e+00
  -3.0487810e+00
  -2.5813022e+00
  -2.3785316e+00
  -2.1848227e+00
  -2.1788805e+00
  -1.9765699e+00
  -2.6484111e+00
  -2.6077986e+00
  -2.3359316e+00
  -2.3488557e+00
  -2.6650128e+00
  -2.8512388e+00
  -2.8709194e+00
  -2.6528015e+00
  -2.5435342e+00
  -2.3723333e+00
  -1.9207895e+00
   2.9892853e+00
  -2.3000893e+00
  -2.7525147e+00
  -2.7925104e+00
  -2.3103421e+00
  -2.3411314e+00
  -2.9222459e+00
  -2.3833636e+00
  -2.5225100e+00
  -2.2465527e+00
  -2.4963026e+00
  -2.0501789e+00
  -2.7907901e+00
  -2.9526680e+00
  -2.2970455e+00
  -2.5387927e+00
   3.0901116e+00
  -2.1994979e+00
  -2.2203691e+00
  -2.2374448e+00
  -3.1274506e+00
  -3.0694473e+00
  -2.8231985e+00
  -2.5966103e+00
  -2.1644564e+00
  -2.2765401e+00
  -2.6431980e+00
  -2.9733841e+00
  -2.9381748e+00
  -2.8572386e+00
  -2.2938857e+00
  -2.6731760e+00
   3.1045389e+00
  -2.1653385e+00
  -1.9769617e+00
   3.1393299e+00
  -3.0317881e+00
  -2.0156398e+00
  -3.0974634e+00
  -2.3050291e+00
  -2.8249189e+00
  -2.2902103e+00
  -2.2260613e+00
  -2.2256825e+00
  -2.5633927e+00
  -2.2083522e+00
  -2.9302104e+00
  -3.0269712e+00
  -2.6653544e+00
  -2.1528095e+00
  -2.8829192e+00
  -2.1784989e+00
  -2.4064733e+00
  -2.5183073e+00
  -2.4549740e+00
  -3.0519020e+00
  -2.5727939e+00
  -2.8240363e+00
  -2.8188749e+00
  -2.3543168e+00
  -2.4315330e+00
  -2.5352999e+00
  -2.4194497e+00
  -2.2197367e+00
  -2.0674471e+00
  -2.3094516e+00
  -2.2955237e+00
  -2.5455930e+00
  -2.2048098e+00
  -3.0230181e+00
  -2.3022432e+00
  -2.0784600e+00
  -2.5872079e+00
  -2.5130280e+00
  -3.0649249e+00
  -3.0983118e+00
  -2.7646072e+00
  -2.7076909e+00
  -2.8400787e+00
  -2.8117138e+00
  -2.0497903e+00
  -2.3423937e+00
  -2.1529437e+00
  -2.1854551e+00
  -3.0807738e+00
  -2.5488993e+00
  -2.1867200e+00
  -3.1042561e+00
  -2.5589229e+00
  -3.0326508e+00
   3.0816220e+00
  -2.6001078e+00
  -2.8492389e+00
  -2.9111262e+00
  -2.9884177e+00
  -2.8463582e+00
  -2.4312678e+00
  -2.8329178e+00
  -3.0309408e+00
  -2.9991994e+00
  -2.3897192e+00
  -2.8937597e+00
  -2.6045739e+00
  -2.1540739e+00
  -2.6478625e+00
  -2.2191042e+00
  -2.6609647e+00
  -2.5367341e+00
  -2.9458297e+00
  -2.2412391e+00
  -2.2024079e+00
  -2.2927382e+00
  -2.5810304e+00
  -2.7149613e+00
  -2.5296646e+00
  -2.5382525e+00
  -2.3988581e+00
  -2.1766019e+00
  -2.6478625e+00
  -2.6305734e+00
  -2.9381748e+00
  -2.3112326e+00
  -2.9637299e+00
  -2.1676177e+00
  -3.0187663e+00
  -2.8572386e+00
  -2.9483908e+00
  -1.9303602e+00
  -2.1864687e+00
  -2.6626804e+00
  -1.9349932e+00
  -2.9909774e+00
  -2.3583633e+00
  -2.0415440e+00
  -2.2264400e+00
  -2.6580154e+00
  -3.1379157e+00
  -2.2156888e+00
  -2.4139872e+00
  -2.9611692e+00
  -2.2699616e+00
  -2.7921827e+00
  -2.3918724e+00
  -3.0510543e+00
  -2.4474581e+00
  -2.1400325e+00
  -2.3406104e+00
  -2.1653385e+00
  -2.0683209e+00
  -2.6934860e+00
  -2.7195640e+00
  -2.8623587e+00
  -2.4336843e+00
  -2.8191541e+00
   2.9875716e+00
  -2.6528015e+00
  -2.5977761e+00
  -2.3316234e+00
  -2.5659940e+00
  -2.1435764e+00
  -2.9861616e+00
  -2.8300359e+00
  -2.2740114e+00
  -2.1854551e+00
  -2.2877993e+00
  -2.7993918e+00
  -2.5609819e+00
  -2.9418613e+00
  -2.4354722e+00
  -2.5432639e+00
  -2.3257926e+00
  -2.2945177e+00
  -2.3937621e+00
  -3.0482158e+00
  -1.9513093e+00
  -2.3307321e+00
  -2.0844258e+00
  -2.8820778e+00
  -2.9196848e+00
  -2.2727470e+00
  -2.3417626e+00
  -2.3997515e+00
  -3.1415927e+00
  -2.2533866e+00
  -3.1226426e+00
  -2.2134120e+00
  -2.1852040e+00
  -2.4306391e+00
  -2.4085244e+00
  -2.5153549e+00
  -2.7114644e+00
  -2.7760921e+00
  -2.8449177e+00
  -2.2976774e+00
  -2.8655184e+00
  -2.7392016e+00
  -2.3288379e+00
  -2.8929177e+00
  -2.5762900e+00
   3.1266021e+00
  -3.1101950e+00
  -2.3629324e+00
  -2.8543584e+00
  -2.0955825e+00
  -2.8432394e+00
  -1.9086237e+00
  -2.9429871e+00
  -2.4717937e+00
  -2.6842214e+00
  -2.6556829e+00
   3.0453905e+00
  -2.2134120e+00
  -2.6975979e+00
  -2.8429176e+00
  -2.1759695e+00
  -2.2235314e+00
  -2.8426379e+00
  -2.2814788e+00
  -3.0731321e+00
  -2.0283513e+00
  -3.0615222e+00
  -2.4487144e+00
  -2.3057758e+00
  -2.4744769e+00
  -2.1717937e+00
  -2.8251982e+00
  -2.9324606e+00
  -2.6606226e+00
  -2.1644564e+00
  -2.3365628e+00
  -2.7953451e+00
  -2.5304738e+00
  -3.0405741e+00
  -2.3879330e+00
  -2.2225200e+00
  -2.5863143e+00
  -2.9966400e+00
  -2.1814098e+00
  -2.2533866e+00
  -2.9830379e+00
  -2.8051107e+00
  -2.9711055e+00
  -2.3644555e+00
  -2.2814788e+00
  -2.8194786e+00
  -2.2674327e+00
  -2.8194786e+00
  -2.3436560e+00
  -2.4980915e+00
  -2.8148757e+00
  -2.3543168e+00
  -2.3075564e+00
  -2.1676177e+00
  -2.4411992e+00
  -2.9906954e+00
  -2.1896308e+00
  -2.6379153e+00
   3.0923736e+00
  -2.5070360e+00
  -2.7074147e+00
  -3.0473682e+00
  -2.3303606e+00
  -2.8274772e+00
  -3.0685993e+00
  -2.4302754e+00
  -2.3174358e+00
  -2.1965876e+00
  -2.9276493e+00
  -2.1573688e+00
  -2.6510866e+00
  -2.1654711e+00
  -2.5609819e+00
  -2.1647062e+00
  -2.8277566e+00
  -2.1525605e+00
  -2.0109326e+00
  -2.2125266e+00
  -2.1984850e+00
  -2.2118942e+00
  -2.1854551e+00
  -2.2159419e+00
  -2.2013952e+00
  -2.1644564e+00
  -3.0102625e+00
  -2.1845716e+00
  -2.3019849e+00
  -2.2905847e+00
  -2.5736877e+00
   3.0620875e+00
  -2.2812218e+00
  -2.0650224e+00
  -2.7253912e+00
   3.0493591e+00
  -2.3534246e+00
  -2.7461359e+00
  -2.3500086e+00
  -2.8663588e+00
  -2.5734162e+00
  -2.8991626e+00
   3.0037337e+00
  -2.4666946e+00
  -2.8102723e+00
  -2.2989411e+00
  -2.9429871e+00
  -2.9628848e+00
  -2.5378984e+00
  -2.6600732e+00
  -2.2389641e+00
  -2.0650224e+00
  -2.8180374e+00
  -2.3060342e+00
  -2.3527937e+00
  -2.2733792e+00
  -2.5144604e+00
  -2.7830240e+00
  -2.0590558e+00
  -3.0111092e+00
  -3.0926563e+00
  -2.3821031e+00
  -2.5117771e+00
  -2.6809986e+00
  -2.0607051e+00
  -2.1225606e+00
  -2.1519284e+00
  -3.0836010e+00
  -2.2985673e+00
  -2.8380788e+00
  -2.2995730e+00
  -2.3979648e+00
  -2.7221717e+00
  -2.9344593e+00
  -2.9273681e+00
  -2.2285910e+00
  -2.0641489e+00
  -3.0683167e+00
  -2.2824859e+00
  -3.0736974e+00
  -2.6685114e+00
  -1.9559393e+00
  -2.1697647e+00
  -2.1902632e+00
  -2.7993918e+00
  -3.1373500e+00
  -2.4921887e+00
  -2.3340376e+00
  -2.6726258e+00
  -2.3527937e+00
  -2.8783586e+00
  -2.5651805e+00
  -3.0620875e+00
  -2.2163212e+00
  -3.1280163e+00
  -2.2840072e+00
  -2.3770086e+00
  -2.0538658e+00
  -2.6600732e+00
  -2.8062735e+00
  -2.0742870e+00
  -2.5349455e+00
  -2.3199622e+00
  -2.9239328e+00
   3.1299961e+00
  -2.1502808e+00
  -2.2258076e+00
  -2.5651001e+00
   3.0071393e+00
   3.0400092e+00
  -3.0255593e+00
  -2.1688823e+00
  -2.1931737e+00
  -2.6180193e+00
  -2.5319927e+00
  -2.8051107e+00
  -2.0617238e+00
  -2.4179268e+00
  -2.8826388e+00
  -2.4589124e+00
  -2.2146769e+00
  -2.9725386e+00
  -2.3482247e+00
  -3.0215895e+00
  -2.5627699e+00
   2.9909774e+00
  -2.4975549e+00
  -2.6484111e+00
  -2.4164039e+00
   3.0227358e+00
  -2.1994979e+00
  -3.0564354e+00
  -2.7282753e+00
  -3.0289640e+00
  -2.8403583e+00
  -2.0355773e+00
  -2.7553990e+00
  -2.2561715e+00
  -2.1014060e+00
  -2.1701470e+00
  -2.3770086e+00
  -2.6469706e+00
  -2.3521627e+00
  -2.1740726e+00
  -2.1640739e+00
  -2.4960344e+00
  -2.1625598e+00
  -2.5426400e+00
  -2.3683942e+00
  -2.8140385e+00
  -2.2175861e+00
  -2.7795327e+00
  -2.3942887e+00
  -2.3876700e+00
  -2.3088199e+00
  -2.2774290e+00
  -2.3475936e+00
  -2.2131591e+00
  -2.8794803e+00
  -1.9079986e+00
  -2.3432855e+00
  -2.3861470e+00
  -2.2258076e+00
  -2.6291335e+00
  -2.1711614e+00
  -2.5308286e+00
  -2.1563536e+00
  -2.2364344e+00
   2.9980709e+00
  -2.1927929e+00
  -2.9762262e+00
  -2.6466964e+00
  -2.0332983e+00
  -2.3951820e+00
  -2.2699616e+00
  -2.8157130e+00
  -2.4867316e+00
  -2.1810283e+00
  -3.1319760e+00
  -3.1333902e+00
  -2.4912943e+00
  -2.5186633e+00
  -2.2680649e+00
  -2.1835579e+00
  -2.8200370e+00
  -2.0289810e+00
  -2.3683942e+00
  -2.2495924e+00
  -2.6147943e+00
  -2.1072298e+00
  -2.9864436e+00
  -2.3420231e+00
  -3.1079325e+00
  -2.2578128e+00
  -2.5029212e+00
  -2.1768524e+00
  -2.2311208e+00
  -2.2049375e+00
  -2.8540785e+00
  -3.0618049e+00
  -2.9441409e+00
  -2.2865353e+00
  -2.8243156e+00
  -2.1740726e+00
  -2.8897603e+00
  -2.3852540e+00
  -2.1590161e+00
  -2.8500784e+00
  -2.8997241e+00
  -3.1141545e+00
  -2.2149299e+00
  -2.3193306e+00
  -2.1969682e+00
  -2.8317564e+00
