  -2.3773489e+00
  -2.1685012e+00
  -2.5858999e+00
  -1.9983168e+00
  -2.9978662e+00
  -2.3050222e+00
  -2.8252696e+00
  -2.4088820e+00
  -2.1599955e+00
  -2.2817499e+00
  -2.5326254e+00
  -2.5435067e+00
  -3.1395927e+00
  -3.0345343e+00
  -2.8046211e+00
  -2.7010661e+00
  -2.3881189e+00
  -2.4162334e+00
  -2.7032568e+00
  -2.3065452e+00
  -2.7952835e+00
  -2.3248231e+00
  -2.3335948e+00
  -2.1688548e+00
  -2.2303973e+00
  -2.0730335e+00
  -2.5004948e+00
  -2.4700081e+00
  -3.0030816e+00
  -2.3056517e+00
  -2.1753849e+00
  -2.0975947e+00
  -2.3001891e+00
  -2.5424921e+00
  -2.2274463e+00
  -3.0275338e+00
  -2.1605368e+00
  -2.2935684e+00
  -2.1463950e+00
  -2.3736721e+00
  -2.3207798e+00
  -2.2519546e+00
  -3.1177914e+00
  -2.3214097e+00
  -2.0534820e+00
  -2.8889134e+00
  -2.5242744e+00
  -3.0481578e+00
  -3.0229301e+00
  -2.2658250e+00
  -2.8372064e+00
  -2.8147476e+00
  -3.0633778e+00
  -2.6083168e+00
  -2.1591014e+00
  -2.2705614e+00
  -2.4960678e+00
  -2.2986661e+00
  -2.8685466e+00
  -2.5125107e+00
  -2.1596428e+00
  -2.1750307e+00
  -2.1411114e+00
  -2.6975295e+00
  -2.4330635e+00
  -2.2361232e+00
  -3.0627704e+00
  -2.9054355e+00
  -2.4190188e+00
  -2.9420563e+00
  -2.3550260e+00
  -3.1011901e+00
  -2.8248746e+00
  -2.2167126e+00
  -2.5537558e+00
  -2.1048631e+00
   2.9848275e+00
  -2.2592035e+00
  -2.8445050e+00
  -2.3223029e+00
  -2.3725201e+00
  -2.2872121e+00
  -2.6395078e+00
  -2.1809359e+00
  -2.8477290e+00
  -2.6331546e+00
  -2.9934486e+00
  -2.6473666e+00
  -2.4396420e+00
  -2.3962165e+00
  -2.8909478e+00
  -1.9299720e+00
  -2.2869472e+00
  -2.2706584e+00
  -2.6543519e+00
  -2.4196508e+00
   3.1173914e+00
  -2.3074386e+00
   3.0561677e+00
  -2.5489473e+00
  -2.2103622e+00
  -3.0417458e+00
  -2.9770043e+00
  -2.5211125e+00
  -2.1857624e+00
  -2.0607537e+00
  -2.5591963e+00
   3.1331927e+00
  -2.1770891e+00
  -2.2766514e+00
  -3.0333360e+00
  -3.0203229e+00
  -2.2381793e+00
  -2.3141606e+00
  -2.0304997e+00
  -2.8515760e+00
  -3.0561677e+00
  -3.0113033e+00
  -3.0627704e+00
  -2.1637602e+00
  -2.4671010e+00
  -2.5255391e+00
  -2.6246650e+00
  -2.1700193e+00
  -2.8497660e+00
  -2.5424921e+00
  -2.6811291e+00
  -3.0343453e+00
  -2.5652687e+00
  -2.1198970e+00
  -2.5160532e+00
  -1.9751838e+00
  -2.5679321e+00
  -2.6138948e+00
   3.1015900e+00
  -2.9277875e+00
  -2.1801265e+00
  -2.2495384e+00
  -2.6572623e+00
  -2.8192188e+00
  -2.1104946e+00
  -2.2847954e+00
  -2.3159472e+00
  -2.1815604e+00
  -2.5361689e+00
   3.0477583e+00
  -3.0175036e+00
  -2.8197790e+00
  -2.4315423e+00
  -2.0674765e+00
  -2.1682309e+00
  -2.6831677e+00
  -2.1596428e+00
  -2.5265526e+00
  -2.1430907e+00
  -2.1931006e+00
  -2.5378156e+00
  -2.6605608e+00
  -2.6417880e+00
  -3.0975910e+00
  -2.2328129e+00
  -2.9758084e+00
  -2.1372644e+00
  -2.9525235e+00
  -2.5141560e+00
  -1.9899406e+00
  -2.4321744e+00
  -2.2874770e+00
  -2.9412603e+00
  -3.0785820e+00
  -2.7456249e+00
  -2.1552542e+00
  -2.3311788e+00
  -2.1605368e+00
  -2.1667129e+00
  -2.7182466e+00
  -2.5721084e+00
  -2.2624184e+00
  -2.3500873e+00
  -2.5103613e+00
  -2.3589643e+00
  -2.1310868e+00
  -2.3758261e+00
  -2.2378194e+00
  -2.6673991e+00
  -3.0877895e+00
  -2.5116262e+00
  -2.5550202e+00
  -2.1578547e+00
  -2.3734117e+00
  -2.2775454e+00
  -3.0223193e+00
  -2.3607484e+00
  -2.3023415e+00
  -3.0727785e+00
  -2.2420237e+00
  -2.3466723e+00
  -2.2889998e+00
  -2.1313586e+00
  -3.1073926e+00
  -2.9617576e+00
  -2.8376018e+00
  -2.9641481e+00
  -2.8764103e+00
  -2.2295029e+00
  -2.0838026e+00
  -2.0427114e+00
  -2.3266092e+00
  -2.7857138e+00
  -2.8090925e+00
  -2.6298565e+00
  -2.7836746e+00
  -3.0113033e+00
  -2.3342252e+00
  -2.5246554e+00
  -2.2992955e+00
  -2.2247629e+00
  -2.1753849e+00
  -2.2687733e+00
  -3.0583741e+00
  -2.1863016e+00
  -2.0392130e+00
  -2.2883708e+00
  -2.1788776e+00
  -2.4402742e+00
  -2.8129392e+00
  -2.5244042e+00
  -2.2929392e+00
  -2.5447712e+00
  -2.7915994e+00
  -2.2501660e+00
  -2.8410535e+00
  -2.2630464e+00
  -2.3028697e+00
  -2.2872121e+00
  -2.1407604e+00
   3.0947918e+00
  -2.4358489e+00
  -2.2303973e+00
  -2.1685845e+00
  -2.7798285e+00
  -2.9486836e+00
  -2.5357871e+00
  -3.0191252e+00
  -2.3399496e+00
  -2.3838109e+00
  -2.0703571e+00
  -2.7770024e+00
  -2.8214225e+00
  -2.9512910e+00
  -2.8169509e+00
  -2.1013656e+00
  -2.5575489e+00
  -2.8360203e+00
  -2.8424678e+00
  -2.2261930e+00
  -2.8137284e+00
  -2.5347731e+00
  -2.5109938e+00
  -2.3077025e+00
  -2.3296556e+00
  -2.5323746e+00
  -2.1673367e+00
  -1.9460618e+00
  -2.1369138e+00
  -2.8368110e+00
  -2.1711837e+00
  -2.1910427e+00
  -2.8333592e+00
  -2.3403179e+00
  -2.1452298e+00
  -2.3379020e+00
  -2.3841826e+00
  -2.6318926e+00
  -2.8396393e+00
  -2.5090964e+00
  -2.4377454e+00
  -2.1587487e+00
  -2.5278174e+00
  -2.1354769e+00
  -2.8536127e+00
  -2.3758261e+00
  -2.2561593e+00
  -2.1691251e+00
  -2.5412276e+00
  -3.0074985e+00
  -1.9362969e+00
  -2.1045903e+00
  -2.3335948e+00
  -2.3973663e+00
  -2.2279818e+00
  -2.7213057e+00
  -2.4903759e+00
  -2.8406580e+00
  -2.6269452e+00
  -2.1031516e+00
  -2.2035641e+00
  -2.3550260e+00
  -2.3479335e+00
  -2.5902132e+00
  -2.6798694e+00
  -2.3733013e+00
  -2.6381020e+00
  -2.3427336e+00
  -2.1531952e+00
  -2.8291167e+00
  -2.6965100e+00
  -1.9066732e+00
  -2.9489020e+00
  -3.1039896e+00
  -3.0875842e+00
  -2.3424716e+00
   3.0279331e+00
  -2.5817242e+00
  -3.0527622e+00
  -2.2256574e+00
  -2.8230657e+00
  -2.9721876e+00
  -2.2784394e+00
  -2.9545146e+00
  -2.7092226e+00
  -2.7926190e+00
  -2.8390160e+00
  -2.8270787e+00
  -1.9552703e+00
  -2.1154302e+00
  -2.3565491e+00
  -2.3927991e+00
  -2.3589643e+00
  -2.1812906e+00
  -2.1759249e+00
  -2.9974673e+00
  -2.6093341e+00
  -2.6500345e+00
  -2.1552542e+00
   3.0351441e+00
  -2.2832726e+00
  -2.1744906e+00
  -2.8350015e+00
  -2.3697347e+00
  -2.1629487e+00
  -2.3650562e+00
  -2.3250861e+00
  -2.9438673e+00
  -2.5489473e+00
  -2.3086978e+00
  -2.1898790e+00
  -2.8115254e+00
  -2.8426953e+00
  -3.0523626e+00
  -2.6615797e+00
  -2.2140291e+00
  -2.2863182e+00
  -3.0397483e+00
  -2.0654184e+00
  -2.1225005e+00
  -2.3485642e+00
  -2.9314096e+00
  -2.8441094e+00
  -2.4355921e+00
  -2.0861347e+00
  -2.6430496e+00
  -2.2107196e+00
  -2.3691035e+00
  -2.1534661e+00
  -2.2163546e+00
  -2.8639078e+00
  -2.9086605e+00
  -2.5109938e+00
  -2.1966779e+00
  -2.9713905e+00
  -2.5435067e+00
  -2.0563635e+00
  -2.2023130e+00
  -2.5326254e+00
  -2.5176988e+00
  -2.2929392e+00
  -2.8145177e+00
  -2.1765492e+00
  -2.3017121e+00
  -2.1905039e+00
  -2.1774435e+00
  -2.2357635e+00
  -2.1727020e+00
  -3.0279331e+00
  -3.0377509e+00
  -2.8473334e+00
  -2.6401387e+00
  -2.5598284e+00
  -3.1081924e+00
  -2.3617493e+00
  -3.1161915e+00
  -2.7839070e+00
  -2.3998929e+00
  -2.3189935e+00
  -2.2911517e+00
  -2.8511802e+00
  -2.3123739e+00
   3.0060882e+00
  -2.3844423e+00
  -2.2771822e+00
  -2.9440861e+00
  -2.0351642e+00
  -2.9482855e+00
  -3.0913881e+00
  -2.2640366e+00
  -2.2067847e+00
  -2.6449418e+00
  -2.8273076e+00
  -2.2444396e+00
  -2.2747658e+00
  -2.9669725e+00
  -2.2700300e+00
  -2.6566318e+00
  -2.1507841e+00
  -2.2029385e+00
  -2.0835291e+00
  -2.1110398e+00
   3.0010865e+00
  -2.2229740e+00
  -2.3955848e+00
   3.0189134e+00
  -2.2687733e+00
  -2.3320717e+00
  -1.9124398e+00
   3.0645768e+00
  -2.4299031e+00
  -2.5518590e+00
  -2.6289812e+00
  -2.7991300e+00
  -2.5673000e+00
  -2.3275023e+00
  -2.5208610e+00
  -2.9284054e+00
  -2.8224415e+00
  -2.5775484e+00
  -2.7545680e+00
  -2.7162073e+00
  -2.5669164e+00
  -2.8064291e+00
  -2.3773489e+00
  -3.0233294e+00
  -2.2971432e+00
  -2.8392439e+00
  -2.9713905e+00
  -2.2259252e+00
   3.0879840e+00
  -2.2032953e+00
  -2.6260697e+00
  -2.2259252e+00
  -2.0607537e+00
   3.0565673e+00
  -2.6790907e+00
  -2.9832325e+00
  -2.1999864e+00
  -3.0723788e+00
   3.1379927e+00
  -2.3451492e+00
  -2.8284929e+00
  -2.2814848e+00
  -2.2893640e+00
  -2.1254531e+00
  -2.2956204e+00
  -2.6731242e+00
  -2.3783514e+00
  -1.9256460e+00
  -2.8742032e+00
  -2.8445050e+00
  -2.3924268e+00
  -2.8871025e+00
  -2.9709920e+00
  -2.8449006e+00
  -2.2702957e+00
  -2.0665845e+00
  -2.1196248e+00
  -2.6283501e+00
  -2.7928507e+00
  -2.8437139e+00
  -2.8818426e+00
  -3.0229301e+00
  -2.8262886e+00
  -2.6694370e+00
  -2.1523011e+00
  -2.8830843e+00
  -2.5976862e+00
  -2.1905039e+00
  -2.3059156e+00
  -2.4200250e+00
  -2.3446254e+00
  -2.6788501e+00
  -2.5846362e+00
  -2.5495796e+00
  -2.2940975e+00
   3.0991905e+00
  -1.9624812e+00
  -2.7065543e+00
  -2.3077025e+00
  -2.3348555e+00
  -2.9870365e+00
  -2.0119076e+00
  -2.8780490e+00
  -2.2306649e+00
  -2.6844272e+00
  -2.9978662e+00
  -3.0359430e+00
  -2.8416767e+00
  -2.0049743e+00
  -2.2310241e+00
  -2.4564731e+00
  -2.8361875e+00
  -2.3909044e+00
  -2.2399680e+00
  -2.8206327e+00
   3.1215933e+00
  -2.0333825e+00
  -2.5158014e+00
  -2.0628117e+00
  -3.0779759e+00
  -2.1582073e+00
  -3.0753837e+00
  -2.3104847e+00
  -2.5141560e+00
  -2.5512268e+00
  -2.3396874e+00
   3.1031897e+00
  -2.9836312e+00
  -2.8357922e+00
  -2.9318074e+00
  -2.3208834e+00
  -2.2399680e+00
  -2.1812906e+00
  -3.0493566e+00
  -2.3038646e+00
  -2.1925621e+00
  -2.0806494e+00
  -3.0102923e+00
   3.0897887e+00
  -2.1413828e+00
  -2.8266837e+00
  -2.8161615e+00
  -2.1407604e+00
  -2.3141606e+00
  -2.5109938e+00
  -2.5531235e+00
  -2.5166857e+00
  -2.2968788e+00
  -2.7602942e+00
  -2.6568740e+00
  -2.1573132e+00
  -2.5523580e+00
  -2.1439846e+00
  -2.8548003e+00
  -2.1770891e+00
  -2.5084640e+00
  -2.5479326e+00
  -2.1878208e+00
  -2.1744906e+00
  -2.9322052e+00
  -2.1452298e+00
  -2.5713406e+00
  -2.1993610e+00
  -2.8533860e+00
  -2.8262886e+00
  -2.1889846e+00
  -2.2065161e+00
  -2.7785760e+00
  -2.5891966e+00
  -2.1348548e+00
  -2.6289812e+00
  -2.1387013e+00
  -2.5389487e+00
  -3.0917880e+00
  -2.2929392e+00
  -2.3813970e+00
  -1.9121610e+00
  -2.4326884e+00
  -2.5163051e+00
  -2.9358273e+00
  -3.0561677e+00
  -2.2742347e+00
  -2.8027458e+00
  -2.3436262e+00
  -2.4039422e+00
  -2.1543601e+00
  -2.2041017e+00
  -2.8459192e+00
  -2.8469377e+00
  -2.3878593e+00
  -2.6545943e+00
  -2.3126375e+00
  -2.3782403e+00
  -2.1688548e+00
  -2.1871959e+00
  -2.7956776e+00
  -2.1336895e+00
  -3.1383927e+00
  -2.4558407e+00
  -2.1552542e+00
  -2.2319185e+00
  -2.3803942e+00
  -2.6981589e+00
  -2.6918026e+00
  -2.1652780e+00
  -2.0171227e+00
  -3.0839855e+00
  -2.8127091e+00
  -2.3736721e+00
  -3.0113033e+00
  -3.0859847e+00
  -2.2672510e+00
  -2.3433642e+00
  -2.2283408e+00
  -2.1608075e+00
  -2.3697347e+00
  -2.6572623e+00
  -2.7952835e+00
  -2.1516781e+00
  -2.1797718e+00
  -2.9275673e+00
  -2.8248746e+00
  -2.3111144e+00
  -2.2077676e+00
  -2.8204033e+00
  -2.2301297e+00
  -2.2199322e+00
  -2.1372644e+00
  -2.5211125e+00
  -2.1788776e+00
  -2.1999864e+00
  -2.0718673e+00
  -2.2142974e+00
  -2.2531154e+00
  -2.9569414e+00
  -2.1113879e+00
  -2.4293888e+00
  -2.3192567e+00
  -2.5589473e+00
  -2.5521085e+00
  -2.4863277e+00
  -2.4846842e+00
  -2.2217210e+00
  -2.5614760e+00
  -2.3165771e+00
  -2.3491949e+00
  -2.4878463e+00
  -3.0719790e+00
  -2.2847954e+00
  -2.1741364e+00
  -2.5714763e+00
  -2.1172168e+00
  -3.0793816e+00
  -2.2537431e+00
  -2.1964088e+00
  -3.0617792e+00
  -2.2142974e+00
  -2.1795020e+00
  -2.4424273e+00
  -2.0368807e+00
  -2.1851377e+00
  -2.0721413e+00
  -3.0125008e+00
  -2.1803963e+00
  -3.1035896e+00
  -2.5456534e+00
  -2.4345847e+00
  -2.2020441e+00
  -2.2175172e+00
  -2.4377454e+00
  -2.8802562e+00
  -2.3083320e+00
  -3.1403927e+00
   3.0541696e+00
  -2.1990920e+00
  -2.4970796e+00
  -2.7082030e+00
  -2.8248746e+00
   3.1157915e+00
  -2.4290138e+00
  -2.5141560e+00
  -2.8459192e+00
   3.1399927e+00
  -2.9848275e+00
  -2.9828338e+00
  -2.9324250e+00
  -1.9345254e+00
  -2.3153174e+00
  -2.8210276e+00
  -2.0753660e+00
  -2.6987882e+00
  -2.4168653e+00
  -2.4913874e+00
  -2.2795986e+00
  -2.7867335e+00
  -2.3483025e+00
  -2.0316658e+00
  -2.5908450e+00
   3.1219933e+00
  -2.1625956e+00
  -2.2916810e+00
  -3.0018845e+00
  -3.0487665e+00
  -1.9775142e+00
  -2.1765492e+00
  -2.1997174e+00
  -3.1179937e+00
  -2.3531335e+00
  -2.7715110e+00
  -2.2820151e+00
  -2.3211466e+00
  -3.0271344e+00
   3.0275338e+00
  -2.2751288e+00
  -2.7912056e+00
  -2.3893819e+00
  -2.1286777e+00
  -2.5183312e+00
  -2.6787013e+00
  -2.2795986e+00
  -2.0563635e+00
  -2.0516990e+00
  -2.7712776e+00
  -2.0765321e+00
  -2.1617015e+00
  -2.3263463e+00
  -2.6560013e+00
  -2.5342718e+00
  -2.8618716e+00
  -2.8578551e+00
  -2.1452298e+00
  -3.0807871e+00
  -2.1839737e+00
  -2.6424188e+00
  -2.5489473e+00
  -2.4471093e+00
  -3.0477583e+00
  -3.0811869e+00
  -2.5166857e+00
  -2.5524913e+00
  -2.4721600e+00
  -2.2319185e+00
  -2.9770043e+00
  -3.1283928e+00
  -2.7260131e+00
  -2.2522211e+00
   3.1363927e+00
  -2.8398671e+00
  -2.8151423e+00
  -2.4415387e+00
  -3.0090949e+00
  -2.2883708e+00
  -2.5691963e+00
  -2.2826438e+00
  -2.1997174e+00
  -2.8240847e+00
   3.1257914e+00
  -2.9052605e+00
  -3.1399927e+00
  -1.9201571e+00
  -2.1552542e+00
  -2.1806661e+00
  -2.1768192e+00
  -2.1507841e+00
  -2.9271696e+00
  -2.0549228e+00
  -2.5598284e+00
  -2.3998929e+00
   3.0447521e+00
   3.0345343e+00
  -2.3421031e+00
   3.1249914e+00
  -2.7818678e+00
  -2.2145658e+00
  -2.1181102e+00
  -2.2681450e+00
  -2.2292352e+00
  -2.5326254e+00
  -2.5118783e+00
  -1.9722994e+00
  -2.4317993e+00
  -2.8501618e+00
  -2.8392439e+00
  -2.2346018e+00
  -2.7926190e+00
  -2.2724466e+00
  -2.2118825e+00
  -2.5904601e+00
  -2.8238556e+00
  -2.8842743e+00
  -2.8234606e+00
  -2.4054644e+00
  -2.5902132e+00
  -3.0279331e+00
  -2.1354769e+00
  -2.0663103e+00
  -2.3314414e+00
  -2.1874654e+00
  -2.8189893e+00
  -2.5750205e+00
  -2.8109008e+00
  -2.5879329e+00
  -2.6486280e+00
  -2.2439057e+00
  -2.2059787e+00
