  -4.6764255e-01
  -4.2077231e-01
  -7.6621592e-01
  -2.6524479e-01
  -6.9104836e-01
  -5.7431978e-01
  -1.1151557e+00
  -1.5166268e+00
  -1.7053740e+00
  -5.5844642e-01
  -1.4243446e+00
  -1.3543424e+00
  -6.4754776e-01
  -1.0298264e+00
  -1.2654446e+00
  -1.3998910e+00
  -4.9565561e-01
  -1.5115342e+00
  -1.3717436e+00
  -5.4105525e-01
  -1.2549165e+00
  -9.1284831e-01
  -1.5656645e+00
  -1.7278785e+00
  -4.1873661e-01
  -9.3728926e-01
  -1.3194752e+00
  -1.4503408e+00
  -1.1990974e+00
  -1.5446563e+00
  -1.6686789e+00
  -1.8842775e-01
  -4.0488369e-01
  -1.3176909e+00
  -1.6458534e+00
  -1.0611958e+00
  -3.2990802e-01
  -5.4267830e-01
  -1.6928921e+00
  -2.0427151e-01
  -3.4912526e-01
  -3.7691931e-01
  -1.2184564e+00
  -1.5131841e+00
  -9.3207717e-01
  -1.1047077e+00
  -1.4486911e+00
  -1.0507736e+00
  -6.9647826e-01
  -1.9377259e-01
  -1.1257993e+00
  -1.2671968e+00
  -1.0473733e+00
  -7.6283432e-01
  -4.3454840e-01
  -1.8498598e-01
  -1.4259938e+00
  -5.1650169e-01
  -1.1378888e+00
  -1.3212671e+00
  -9.5809280e-01
  -1.6581206e+00
  -2.0076511e-01
  -7.4710829e-01
  -1.5830919e+00
  -3.2643809e-01
  -6.6147997e-01
  -1.1396375e+00
  -9.0410151e-01
  -7.2962519e-01
  -2.1645397e-01
  -1.2147315e+00
  -1.2898378e+00
  -1.9026681e-01
  -1.3421880e+00
  -2.3209916e-01
  -6.4049163e-01
  -1.6372084e+00
  -7.1748492e-01
  -1.5078957e+00
  -1.4975215e+00
  -4.1004011e-01
  -7.5741058e-01
  -3.1926665e-01
  -7.1383610e-01
  -7.6100082e-01
  -6.5616784e-01
  -8.6400150e-01
  -1.5760966e+00
  -4.6948533e-01
  -5.8990628e-01
  -9.6694304e-01
  -5.6191519e-01
  -5.4459239e-01
  -8.6041198e-01
  -1.5795940e+00
  -1.0839070e+00
  -5.4806037e-01
  -1.0890842e+00
  -1.4137217e+00
  -5.8643640e-01
  -1.1868527e+00
  -1.0717042e+00
  -1.3753254e+00
  -4.0149384e-01
  -2.3569377e-01
  -1.4189550e+00
  -1.0874654e+00
  -2.7931656e-01
  -1.5182765e+00
  -6.6322507e-01
  -6.9288904e-01
  -3.5087697e-01
  -1.5550892e+00
  -9.3383857e-01
  -1.1344689e+00
  -1.1834628e+00
  -1.1763872e+00
  -1.2008748e+00
  -9.6000212e-01
  -1.5951717e+00
  -1.4451059e+00
  -1.4049358e+00
  -3.8394362e-01
  -1.1309415e+00
  -1.4346371e+00
  -1.3125263e+00
  -1.2042641e+00
  -7.7672484e-01
  -9.2671890e-01
  -1.3509459e+00
  -2.6352871e-01
  -1.4207601e+00
  -1.3945011e+00
  -7.9231564e-01
  -1.0175956e+00
  -3.0013012e-01
  -1.6040155e+00
  -8.8129551e-01
  -1.1275474e+00
  -1.6388537e+00
  -5.2364549e-01
  -5.6893823e-01
  -1.7448869e-01
  -1.3369826e+00
  -6.5447794e-01
  -1.1850748e+00
  -1.2722226e+00
  -4.6256276e-01
  -2.1805731e-01
  -3.8581172e-01
  -7.4339157e-01
  -1.6065861e-01
  -1.3489967e+00
  -3.2110148e-01
  -4.3798720e-01
  -1.4678515e+00
  -8.5160993e-01
  -8.6910086e-01
  -1.0768473e+00
  -1.6755866e-01
  -7.2766233e-01
  -2.8095849e-01
  -1.0333636e+00
  -1.3141300e+00
  -9.7741997e-01
  -8.9717141e-01
  -5.3066862e-01
  -1.0401277e+00
  -6.6506731e-01
  -1.3858739e+00
  -1.7016662e+00
  -4.5208223e-01
  -1.7191008e+00
  -3.0359957e-01
  -1.4085199e+00
  -1.4939369e+00
  -3.9096837e-01
  -4.5033466e-01
  -1.4852585e+00
  -5.0257787e-01
  -2.6863951e-01
  -4.8688937e-01
  -5.9875709e-01
  -8.4822259e-01
  -8.0112054e-01
  -1.4626058e+00
  -1.3770883e+00
  -9.5646645e-01
  -1.5534413e+00
  -4.5377327e-01
  -6.5801034e-01
  -1.5253526e+00
  -5.3769206e-01
  -1.0559161e+00
  -3.6128588e-01
  -1.4957281e+00
  -1.6494119e+00
  -3.4218532e-01
  -1.0804055e+00
  -6.8433193e-01
  -1.3002069e+00
  -7.3321551e-01
  -1.1431954e+00
  -5.9528707e-01
  -9.2513649e-01
  -9.3546561e-01
  -1.6442034e+00
  -8.3086545e-01
  -1.2741725e+00
  -8.7431806e-01
  -1.2426634e+00
  -8.0992549e-01
  -6.0038298e-01
  -1.3839260e+00
  -5.2723451e-01
  -4.5907885e-01
  -2.9163540e-01
  -2.2335726e-01
  -1.1971497e+00
  -3.0890480e-01
  -9.4240660e-01
  -5.5508401e-01
  -1.6562707e+00
  -8.9181384e-01
  -8.2035433e-01
  -1.4608224e+00
  -5.3931498e-01
  -1.4730865e+00
  -1.2391130e+00
  -5.5323931e-01
  -1.1204617e+00
  -1.8687029e-01
  -1.5636742e+00
  -5.3413569e-01
  -1.7035154e+00
  -6.3348723e-01
  -8.9554384e-01
  -1.7156601e+00
  -3.0730146e-01
  -1.2531645e+00
  -1.1502810e+00
  -1.3893157e+00
  -1.0645956e+00
  -6.0923329e-01
  -1.6285002e+00
  -1.6407085e+00
  -8.3249257e-01
  -1.2773883e+00
  -6.7721330e-01
  -1.2932512e+00
  -2.9510446e-01
  -1.3614960e+00
  -1.2374992e+00
  -1.3037605e+00
  -1.6319999e+00
  -1.1293266e+00
  -1.4434563e+00
  -1.4521436e+00
  -1.5499444e+00
  -1.5096930e+00
  -1.3335865e+00
  -2.8442707e-01
  -9.7904560e-01
  -1.6754063e+00
  -6.9993955e-01
  -2.8271033e-01
  -2.7398360e-01
  -1.1414165e+00
  -1.6126607e+00
  -3.3684794e-01
  -1.6248646e+00
  -4.7304393e-01
  -1.4747364e+00
  -1.2339484e+00
  -1.4328329e+00
  -1.5812422e+00
  -3.3337798e-01
  -1.4293892e+00
  -9.2834612e-01
  -1.2303869e+00
  -4.2229414e-01
  -3.3871527e-01
  -1.6913798e+00
  -1.4799713e+00
  -1.1746091e+00
  -9.6531690e-01
  -1.6634704e+00
  -9.0768901e-01
  -4.4677619e-01
  -1.7104536e+00
  -1.3875216e+00
  -1.5847401e+00
  -7.0678455e-01
  -1.3631280e+00
  -1.6616206e+00
  -3.6475523e-01
  -6.1780027e-01
  -3.7516825e-01
  -1.3561508e+00
  -7.5219588e-01
  -4.0669070e-01
  -7.5924619e-01
  -1.6110110e+00
  -1.6964587e+00
  -1.1240201e+00
  -1.3579228e+00
  -9.6178091e-01
  -1.0385052e+00
  -6.7028280e-01
  -1.2095654e+00
  -1.6266504e+00
  -7.8010625e-01
  -1.3298446e+00
  -1.1937975e+00
  -1.5463055e+00
  -7.1573399e-01
  -1.0351417e+00
  -1.6180100e+00
  -1.0314493e+00
  -8.3960146e-01
  -8.2206102e-01
  -1.1117921e+00
  -1.2357239e+00
  -9.7034421e-01
  -1.6859640e+00
  -4.4859921e-01
  -4.9047780e-01
  -2.1117513e-01
  -1.6772561e+00
  -3.5606486e-01
  -1.1588272e+00
  -1.3701207e+00
  -8.7092997e-01
  -3.8741239e-01
  -1.1030903e+00
  -5.5154665e-01
  -3.0543531e-01
  -7.0862425e-01
  -1.5149809e+00
  -3.2457121e-01
  -4.9757174e-01
  -9.1108705e-01
  -1.1605770e+00
  -1.3787221e+00
  -1.5568811e+00
  -2.7756465e-01
  -8.2890232e-01
  -1.1222409e+00
  -1.1779598e+00
  -8.6203945e-01
  -1.5482968e+00
  -5.0960049e-01
  -8.0633548e-01
  -9.8953739e-01
  -1.6227644e-01
  -5.0105760e-01
  -1.1555878e+00
  -1.0071040e+00
  -1.5970209e+00
  -2.5140776e-01
  -8.7790728e-01
  -1.7243067e+00
  -1.6003783e+00
  -2.7058940e-01
  -4.5564058e-01
  -1.2966453e+00
  -1.1449743e+00
  -1.4783214e+00
  -3.2815601e-01
  -1.0629748e+00
  -1.4993661e+00
  -9.2337518e-01
  -4.3646550e-01
  -1.4224091e+00
  -1.4311935e+00
  -5.3572461e-01
  -8.1689833e-01
  -1.5620259e+00
  -5.4621567e-01
  -1.6720475e+00
  -1.7260352e-01
  -1.5515935e+00
  -1.7138010e+00
  -6.5963770e-01
  -1.1921590e+00
  -1.0035670e+00
  -7.5578604e-01
  -1.3527390e+00
  -1.2199194e+00
  -6.2480554e-01
  -6.4592051e-01
  -1.2513900e+00
  -4.6408408e-01
  -3.9271893e-01
  -4.8171218e-01
  -7.1208547e-01
  -1.6196564e+00
  -7.8526750e-01
  -6.2133533e-01
  -4.8524745e-01
  -1.0278586e+00
  -1.6946092e+00
  -1.1538091e+00
  -1.0786264e+00
  -1.6545561e+00
  -3.9618722e-01
  -8.5879014e-01
  -8.2741026e-01
  -1.6597644e+00
  -1.5359298e+00
  -1.0576948e+00
  -2.1294735e-01
  -7.5415927e-01
  -9.5293120e-01
  -1.5712379e-01
  -2.4952921e-01
  -9.3900651e-01
  -7.7848069e-01
  -1.7261553e+00
  -4.4502821e-01
  -1.0995317e+00
  -5.0785770e-01
  -1.7295972e+00
  -9.6340710e-01
  -7.9069008e-01
  -8.9879896e-01
  -1.4364275e+00
  -1.4171758e+00
  -1.2620313e+00
  -1.3665392e+00
  -6.1270353e-01
  -1.4644076e+00
  -1.1797379e+00
  -1.0017506e+00
  -1.3823179e+00
  -9.9838880e-01
  -8.3784204e-01
  -1.3282410e+00
  -9.9647654e-01
  -4.7640811e-01
  -6.9463772e-01
  -1.5322908e+00
  -1.2914798e+00
  -1.1712193e+00
  -1.5375792e+00
  -6.5101794e-01
  -4.1374776e-01
  -1.3437915e+00
  -5.9337636e-01
  -9.4416797e-01
  -1.0960064e+00
  -8.4468258e-01
  -6.8767266e-01
  -1.6983082e+00
  -1.0525159e+00
  -1.2270085e+00
  -6.1085952e-01
  -1.2829004e+00
  -5.4970196e-01
  -5.2882420e-01
  -2.0595540e-01
  -5.1303608e-01
  -8.4664525e-01
  -4.9403584e-01
  -2.5666628e-01
  -1.0159719e+00
  -7.0515690e-01
  -1.5061044e+00
  -1.1485022e+00
  -6.8074334e-01
  -7.2257374e-01
  -4.6081580e-01
  -2.5487472e-01
  -1.6806148e+00
  -1.3316369e+00
  -1.2688303e+00
  -9.9485171e-01
  -7.3993087e-01
  -1.1728309e+00
  -8.1514011e-01
  -8.5520013e-01
  -2.3381368e-01
  -1.1082336e+00
  -7.6967579e-01
  -2.8789596e-01
  -1.5430089e+00
  -1.5271481e+00
  -5.0449371e-01
  -7.5056900e-01
  -1.3683329e+00
  -1.4816149e+00
  -5.2028176e-01
  -1.0926089e+00
  -9.8101478e-01
  -8.4305529e-01
  -5.7078284e-01
  -6.0569753e-01
  -1.0140036e+00
  -9.8613593e-01
  -7.1024601e-01
  -2.2870295e-01
  -1.3963076e+00
  -1.0228721e+00
  -1.0454064e+00
  -1.1467233e+00
  -2.4255536e-01
  -5.8125894e-01
  -8.8483677e-01
  -7.0156718e-01
  -1.5202690e+00
  -1.6213684e+00
  -6.9810589e-01
  -1.1903813e+00
  -9.4077969e-01
  -1.4469090e+00
  -9.4599078e-01
  -6.4245021e-01
  -9.5484001e-01
  -1.0734832e+00
  -6.0385329e-01
  -1.4712925e+00
  -1.3264317e+00
  -4.2924168e-01
  -6.3533071e-01
  -1.1623557e+00
  -1.3089651e+00
  -7.3655103e-01
  -5.1488027e-01
  -5.7941429e-01
  -1.6824645e+00
  -8.0450314e-01
  -5.6557638e-01
  -3.4031790e-01
  -2.4781380e-01
  -1.0419060e+00
  -1.0943882e+00
  -3.5434673e-01
  -9.9145030e-01
  -1.2951817e+00
  -1.5877260e-01
  -9.0572901e-01
  -1.3350497e+00
  -1.4032873e+00
  -1.4398712e+00
  -5.7247523e-01
  -8.3425168e-01
  -8.7269044e-01
  -3.5945396e-01
  -1.3648924e+00
  -1.7173825e+00
  -8.1330814e-01
  -3.7364663e-01
  -1.4836086e+00
  -1.3230360e+00
  -1.6649792e+00
  -3.3524521e-01
  -6.7890199e-01
  -3.5259511e-01
  -1.3911045e+00
  -3.4565532e-01
  -1.2985953e+00
  -1.2845041e+00
  -2.0955087e-01
  -4.3994791e-01
  -8.2368804e-01
  -7.7143129e-01
  -3.6662297e-01
  -7.6805072e-01
  -1.6737562e+00
  -1.4539262e+00
  -6.6853682e-01
  -1.7115441e-01
  -6.2838973e-01
  -2.6013366e-01
  -1.5237062e+00
  -1.4573704e+00
  -7.3125252e-01
  -1.1676627e+00
  -1.9541998e-01
  -1.2793383e+00
  -1.6791059e+00
  -1.6091615e+00
  -9.5110908e-01
  -3.7017728e-01
  -1.2811108e+00
  -7.2082237e-01
  -1.5691613e+00
  -8.8312367e-01
  -5.7594462e-01
  -4.2760093e-01
  -3.0196600e-01
  -2.6703579e-01
  -1.2445897e+00
  -1.6668291e+00
  -1.0821620e+00
  -1.5918749e+00
  -3.1579681e-01
  -1.7067455e+00
  -6.1617381e-01
  -7.4873530e-01
  -7.4535471e-01
  -3.7169889e-01
  -9.8776120e-01
  -1.2076427e+00
  -1.2880860e+00
  -4.9909211e-01
  -1.1658842e+00
  -1.0751030e+00
  -1.6145104e+00
  -5.1144475e-01
  -4.3115885e-01
  -2.2179959e-01
  -6.0738922e-01
  -8.5696022e-01
  -8.1865674e-01
  -3.4378782e-01
  -3.9805523e-01
  -1.1694411e+00
  -1.1135393e+00
  -1.5340854e+00
  -3.8038825e-01
  -1.1169349e+00
  -1.7225883e+00
  -1.7085947e+00
  -1.6405453e-01
  -1.4557287e+00
  -2.9857376e-01
  -4.1721482e-01
  -1.6878136e+00
  -1.5410203e+00
  -1.6230147e+00
  -1.0367270e+00
  -1.6701976e+00
  -4.4329341e-01
  -4.0844067e-01
  -1.3805295e+00
  -1.4013521e+00
  -1.5743072e+00
  -1.4696426e+00
  -1.8327469e-01
  -1.4871936e+00
  -6.0222725e-01
  -6.1942682e-01
  -1.5986703e+00
  -1.2060411e+00
  -1.6021661e+00
  -2.9662385e-01
  -1.3456004e+00
  -9.4952563e-01
  -1.2129800e+00
  -1.5220565e+00
  -4.1546536e-01
  -8.0287806e-01
  -1.7987829e-01
  -1.7799350e-01
  -1.5900258e+00
  -2.3915944e-01
  -1.9905269e-01
  -1.6843141e+00
  -1.0262734e+00
  -3.6822932e-01
  -7.9928797e-01
  -1.3246804e+00
  -9.0051352e-01
  -2.2691012e-01
  -5.8492040e-01
  -8.9358303e-01
  -1.1570486e+00
  -5.2526743e-01
  -1.0856862e+00
  -1.0977855e+00
  -1.6475620e+00
  -1.5777448e+00
  -8.4129594e-01
  -1.0104662e+00
  -1.2287844e+00
  -8.8646439e-01
  -1.4660574e+00
  -1.2323121e+00
  -7.9590538e-01
  -1.1953986e+00
  -6.8237087e-01
  -1.0122435e+00
  -9.6856907e-01
  -1.9716934e-01
  -1.1361098e+00
  -9.4776435e-01
  -1.4103257e+00
  -1.6353539e+00
  -1.5010161e+00
  -4.8333093e-01
  -1.2478281e+00
  -6.2654599e-01
  -9.3030470e-01
  -1.4153705e+00
  -7.9407261e-01
  -3.5781638e-01
  -5.2190352e-01
  -1.0436844e+00
  -1.0541374e+00
  -9.8451053e-01
  -3.1416228e-01
  -2.7584810e-01
  -1.2112032e+00
  -1.5724584e+00
  -8.2565139e-01
  -5.3229108e-01
  -3.9435840e-01
  -1.0663745e+00
  -6.3886463e-01
  -1.6301459e+00
  -1.2408883e+00
  -1.5883780e+00
  -3.2296822e-01
  -1.3160619e+00
  -8.4998239e-01
  -1.5603771e+00
  -1.6336455e+00
  -9.1964439e-01
  -1.0000135e+00
  -9.2160347e-01
  -3.4725770e-01
  -9.0931635e-01
  -8.5357258e-01
  -1.4119745e+00
  -7.4189400e-01
  -7.0340717e-01
  -2.2519597e-01
  -1.2165080e+00
  -1.9182432e-01
  -8.7614676e-01
  -1.3386094e+00
  -1.5863881e+00
  -1.1886305e+00
  -1.2026260e+00
  -1.4416619e+00
  -1.4763863e+00
  -1.5028093e+00
  -1.7209497e+00
  -6.8595956e-01
  -7.9766262e-01
  -8.3608278e-01
  -1.5306412e+00
  -1.2216711e+00
  -7.1898364e-01
  -1.2601035e+00
  -8.8842546e-01
  -6.8942070e-01
  -1.6423535e+00
  -7.7489095e-01
  -5.5670797e-01
  -1.8148064e-01
  -1.0054797e+00
  -6.3186025e-01
  -7.3830376e-01
  -6.7212474e-01
  -2.5826999e-01
  -1.6999580e+00
  -2.1457199e-01
  -4.0313365e-01
  -3.3162599e-01
  -6.7525248e-01
  -2.3720983e-01
  -1.4922870e+00
  -4.6600092e-01
  -1.1013110e+00
  -7.8710048e-01
  -5.0611431e-01
  -6.7362492e-01
  -1.2495801e+00
  -1.6510620e+00
  -2.4606253e-01
  -3.7863736e-01
  -1.5673131e+00
  -1.4591727e+00
  -1.4904935e+00
  -9.7565898e-01
  -9.0234039e-01
  -1.0088811e+00
  -9.9322672e-01
  -4.7996667e-01
  -1.2462251e+00
  -4.1190809e-01
  -5.8288421e-01
  -1.3927121e+00
  -7.2616397e-01
  -1.0209583e+00
  -1.2565554e+00
  -4.8873292e-01
  -7.6446085e-01
  -1.0699253e+00
  -2.1985042e-01
  -2.4441796e-01
  -6.3001664e-01
  -2.0766835e-01
  -1.2706103e+00
  -7.7326562e-01
  -1.2583295e+00
  -1.3595472e+00
  -8.7953485e-01
  -5.7778923e-01
  -1.5392286e+00
