   3.3999967e-03
  -7.5999634e-03
  -1.1145184e-01
   1.3799781e-02
  -7.3999662e-03
   1.8928714e-01
   8.1999541e-03
   2.3201279e-02
   4.7405345e-02
   2.7800990e-02
   9.1999351e-03
  -1.1399877e-02
  -4.1999938e-03
   3.3999967e-03
   5.7999837e-03
  -2.0194432e-01
  -2.3999988e-03
   5.9999998e-04
   1.9999993e-03
  -1.5599684e-02
  -9.7839379e-02
  -1.2599833e-02
   1.3199808e-02
  -3.4400048e-02
   1.4399751e-02
   1.3399799e-02
   2.7999982e-03
   5.1999883e-03
   9.9999167e-03
  -2.0801330e-02
  -1.3799781e-02
   9.5999263e-03
   5.1404103e-02
   1.1999856e-02
  -6.4609831e-02
   3.9999947e-03
   2.0201333e-02
  -1.2599833e-02
   2.4401229e-02
   1.2999817e-02
   6.5999760e-03
   4.3999929e-03
  -1.4799730e-02
   2.8600910e-02
  -1.4599741e-02
   8.8430816e-02
  -3.5999961e-03
   1.5399696e-02
  -7.4018024e-02
  -6.9999714e-03
   5.7999837e-03
  -2.3001286e-02
   3.1999973e-03
  -3.7203150e-02
   3.5403383e-02
  -7.9999996e-04
  -7.0613030e-02
   5.5999854e-03
  -9.7999216e-03
  -3.9202820e-02
   3.5203405e-02
  -1.1599870e-02
   1.4199761e-02
   2.3999988e-03
  -7.9999573e-03
   6.7015132e-02
   3.5603360e-02
   3.1999973e-03
  -8.1999541e-03
  -9.7999216e-03
   1.7199576e-02
  -8.5999470e-03
  -1.4593517e-01
  -1.8199498e-02
  -4.2002226e-02
  -3.6603234e-02
  -7.2818801e-02
   3.7999954e-03
  -5.5999854e-03
   7.1812229e-02
   5.9999998e-04
   1.9399392e-02
  -6.5809155e-02
  -1.2599833e-02
   2.3999988e-03
  -1.1999999e-03
  -1.0199912e-02
   1.9999993e-03
  -6.7999738e-03
   7.9999996e-04
   4.9604710e-02
   0.0000000e+00
  -6.3610358e-02
  -1.9799353e-02
  -1.9999993e-03
  -1.2829353e-01
  -4.1202412e-02
   1.8799446e-02
  -1.0799895e-02
   1.1999999e-03
  -1.2199849e-02
  -1.5999997e-03
   1.9999333e-02
  -1.7999995e-03
   3.0600672e-02
   1.3999771e-02
  -1.5599684e-02
  -7.4018024e-02
  -5.1999883e-03
   5.3999869e-03
   5.6207686e-02
  -3.9999947e-03
   3.5999961e-03
   6.3999782e-03
  -3.5603360e-02
   4.7805238e-02
   3.8802892e-02
  -5.1604030e-02
   1.1399877e-02
   1.5999997e-03
  -1.1799863e-02
   1.2648441e-01
  -1.5199707e-02
  -2.4201239e-02
   2.2601298e-02
  -5.3999869e-03
   7.6016611e-02
   2.1999991e-03
   1.3999998e-03
   4.7405345e-02
  -2.0000000e-04
   1.4399751e-02
   4.2402128e-02
   3.8602927e-02
   6.2011136e-02
   9.7999216e-03
  -2.7999982e-03
  -1.2949107e-01
  -2.0000000e-04
  -1.3249774e-01
  -1.5999997e-03
   3.2400406e-02
   2.3999988e-03
  -5.0804314e-02
  -2.0001333e-02
   1.1999856e-02
   1.3369507e-01
   9.9999167e-03
  -5.5999854e-03
   1.1799863e-02
   4.6805497e-02
   3.0600672e-02
   6.7414921e-02
  -2.0134735e-01
  -2.7201043e-02
  -4.1999938e-03
  -2.6601092e-02
   1.1999856e-02
   1.4799730e-02
   1.5836017e-01
  -5.1803956e-02
   1.2999817e-02
   1.5999997e-03
  -2.7001060e-02
   1.1999999e-03
  -9.3999308e-03
   3.3999967e-03
   2.8400931e-02
   2.9999978e-03
   6.1011582e-02
  -1.5399696e-02
  -6.3999782e-03
   5.0204517e-02
  -2.7999982e-03
  -6.9999714e-03
  -7.6216461e-02
   1.1199883e-02
   5.9999820e-03
  -6.7015132e-02
   7.7415531e-02
  -5.1999883e-03
   9.9999992e-04
  -5.7607113e-02
  -4.5805733e-02
  -5.2403729e-02
  -5.3999869e-03
   7.3999662e-03
  -2.5401174e-02
   1.5399696e-02
  -5.5407989e-02
  -5.9999820e-03
   7.3418419e-02
   6.3999782e-03
  -1.5736329e-01
