  -3.1065185e+00
   3.1379157e+00
  -3.1396127e+00
   3.1342387e+00
   3.1022766e+00
   3.0929391e+00
   3.1350872e+00
  -3.1325417e+00
  -3.1401784e+00
   3.1251880e+00
  -3.0700228e+00
  -3.0799257e+00
   3.1390470e+00
   3.1022766e+00
   3.1260365e+00
  -3.1376328e+00
   3.1359358e+00
   3.1299961e+00
   3.1305618e+00
   3.1164207e+00
  -3.1404613e+00
   3.1413098e+00
  -3.1311275e+00
  -3.1246223e+00
   3.1297133e+00
  -3.1302790e+00
   3.1325417e+00
  -3.1186832e+00
  -3.1234910e+00
   3.1065185e+00
  -3.1393299e+00
  -3.1370671e+00
  -3.1325417e+00
   3.1365014e+00
  -3.1316931e+00
  -3.1288648e+00
  -3.1019939e+00
  -3.1401784e+00
   3.1138717e+00
  -3.1263193e+00
  -3.0892634e+00
   3.1308446e+00
  -3.1384814e+00
   2.9316167e+00
  -3.0085504e+00
  -3.1348044e+00
  -3.0476508e+00
  -3.0720014e+00
  -3.1384814e+00
   3.1178348e+00
  -3.1342387e+00
   3.1381985e+00
   3.1260365e+00
  -3.1282991e+00
  -3.1198144e+00
  -3.1322588e+00
   3.0963323e+00
   3.0855801e+00
  -3.1141545e+00
   3.0983118e+00
  -3.1398956e+00
   3.1379157e+00
  -3.1288648e+00
  -3.1345215e+00
  -3.1308446e+00
  -3.1373500e+00
  -3.1353701e+00
  -3.1254708e+00
   3.0705881e+00
   3.1381985e+00
   3.1362186e+00
   3.1379157e+00
   3.0745455e+00
   3.0855801e+00
   3.1053873e+00
  -3.0997317e+00
   3.0935046e+00
  -3.1181176e+00
  -3.1319760e+00
   3.1254708e+00
   3.1280163e+00
  -3.0968979e+00
  -3.1384814e+00
  -3.1017111e+00
  -3.1036905e+00
  -3.1158515e+00
  -3.1415927e+00
  -3.1393299e+00
   3.1401784e+00
   3.0793603e+00
   3.1178348e+00
  -3.1384814e+00
   3.1305618e+00
   3.1212285e+00
  -3.1215113e+00
  -3.1121747e+00
   3.1314103e+00
   3.1215113e+00
  -3.1390470e+00
  -3.1226426e+00
   3.1167035e+00
   3.0360400e+00
   3.1407441e+00
  -3.1178348e+00
  -3.1277334e+00
  -3.0819047e+00
   3.1212285e+00
  -3.1155687e+00
  -3.1367843e+00
  -3.1243395e+00
   3.0612396e+00
  -3.1291476e+00
  -3.1274506e+00
  -3.0824701e+00
  -3.1404613e+00
  -3.1339559e+00
   3.0448255e+00
  -3.1370671e+00
   3.0708708e+00
  -3.1076497e+00
   3.1274506e+00
   3.0892634e+00
   3.1226426e+00
   3.1331073e+00
   3.1373500e+00
  -3.1308446e+00
   3.1413098e+00
  -3.1311275e+00
   3.1251880e+00
  -3.1082153e+00
   3.1305618e+00
  -3.0793603e+00
  -3.1345215e+00
  -3.1407441e+00
  -3.1410270e+00
  -3.0677513e+00
  -3.1198144e+00
   3.1365014e+00
   3.1398956e+00
   3.1356529e+00
   3.1121747e+00
   3.1365014e+00
   3.1342387e+00
  -3.1387642e+00
  -3.1155687e+00
   3.1169863e+00
   3.1056701e+00
   3.1226426e+00
   3.0980290e+00
   3.1266021e+00
   3.0847319e+00
  -3.1297133e+00
  -3.1401784e+00
  -3.1110434e+00
  -3.1350872e+00
   3.1017111e+00
   3.1387642e+00
  -2.8968822e+00
   3.1336730e+00
   3.1381985e+00
   3.1076497e+00
  -3.1359358e+00
   3.1291476e+00
   3.0926563e+00
  -3.1387642e+00
   3.0810565e+00
  -3.1079325e+00
  -3.1348044e+00
  -3.0031694e+00
  -3.1087809e+00
   3.0787950e+00
   3.1322588e+00
   3.0603917e+00
  -3.0601091e+00
  -3.0872766e+00
   3.1345215e+00
   3.1381985e+00
  -3.1251880e+00
   3.1390470e+00
   3.1348044e+00
   3.1328245e+00
  -3.1314103e+00
  -3.1407441e+00
   3.1288648e+00
  -3.1232082e+00
  -3.1251880e+00
  -3.1285819e+00
  -3.1331073e+00
   3.1118919e+00
  -3.1393299e+00
   3.1316931e+00
  -3.0521845e+00
  -3.1336730e+00
   3.0994430e+00
   3.1079325e+00
  -3.0935046e+00
  -3.1356529e+00
  -3.1017111e+00
   3.1404613e+00
  -3.1350872e+00
   3.1384814e+00
   3.0555877e+00
   3.0847319e+00
   3.1345215e+00
  -3.0734147e+00
  -3.0804911e+00
   3.1331073e+00
   3.1308446e+00
  -3.0660554e+00
  -3.1396127e+00
   3.0861456e+00
   3.1229254e+00
