   2.5868402e+00
   2.8077598e+00
   2.6390502e+00
   3.1039280e+00
   3.0348360e+00
   3.1256234e+00
   2.9473301e+00
   2.7507570e+00
   3.0308936e+00
   2.8278979e+00
   3.0391514e+00
   2.6131323e+00
   3.0658037e+00
   2.7796029e+00
   2.8229094e+00
   3.0552093e+00
   2.5590917e+00
   3.0382605e+00
   2.9105326e+00
   3.0049142e+00
   3.0757671e+00
   2.7756908e+00
   2.9519210e+00
   3.1333467e+00
   2.8771069e+00
   3.0946030e+00
   2.5590917e+00
   2.9399422e+00
   2.5595190e+00
   2.8557556e+00
   2.6563030e+00
   2.5899931e+00
   2.8119301e+00
   3.0103168e+00
   2.9901667e+00
   3.0885893e+00
   2.5326244e+00
   2.7036389e+00
   2.9897219e+00
   2.7090051e+00
   3.0653580e+00
   2.8081996e+00
   3.0599701e+00
   2.7511946e+00
   2.6905250e+00
   3.1292238e+00
   2.6397813e+00
   2.9248960e+00
   2.7588857e+00
   2.7259681e+00
   2.6323477e+00
   2.8619124e+00
   3.0420090e+00
   3.0630210e+00
   2.6347890e+00
   3.0664342e+00
   2.5658979e+00
   2.5520331e+00
   2.5874470e+00
   2.6468967e+00
   3.0040241e+00
   2.8565629e+00
   2.6451505e+00
   3.0985443e+00
   2.5649375e+00
   2.6459865e+00
   3.0068150e+00
   2.5426075e+00
   3.1065277e+00
   2.6805968e+00
   2.9610195e+00
   2.7005285e+00
   3.0757671e+00
   2.5389533e+00
   2.5855046e+00
   2.6167105e+00
   2.9875601e+00
   2.9768613e+00
   3.0840149e+00
   2.8272748e+00
   2.5895136e+00
   2.5278088e+00
   3.0227122e+00
   2.6914359e+00
   2.6451505e+00
   2.8792765e+00
   3.0670646e+00
   2.9926970e+00
   2.5750742e+00
   2.7910655e+00
   2.9000783e+00
   2.5422807e+00
   3.1406982e+00
   3.0621296e+00
   3.0417481e+00
   2.5534433e+00
   2.6516091e+00
   2.9805562e+00
   2.5278088e+00
   2.9201016e+00
   2.5687691e+00
   2.6678590e+00
   2.9846871e+00
   2.9971022e+00
   2.8020133e+00
   2.7055832e+00
   2.7437210e+00
   3.1093151e+00
   2.8937489e+00
   2.9568798e+00
   2.7654694e+00
   3.1394386e+00
   2.8079419e+00
   2.6599941e+00
   2.7662132e+00
   2.9894613e+00
   3.0148883e+00
   2.9799274e+00
   2.9031337e+00
   2.6410684e+00
   2.5856822e+00
   2.9960147e+00
   2.5987626e+00
   2.9722863e+00
   2.6682927e+00
   2.9542667e+00
   3.0861680e+00
   2.6947431e+00
   2.8819884e+00
   2.8377853e+00
   2.8060015e+00
   3.0179448e+00
   2.7836042e+00
   2.8666318e+00
   2.9825399e+00
   3.1314540e+00
   2.5296273e+00
   2.5339618e+00
   3.0248624e+00
   2.8878756e+00
   3.0170496e+00
   3.0465092e+00
   3.0720861e+00
   2.9642772e+00
   3.0881434e+00
   3.0458754e+00
   2.8173881e+00
   3.1403278e+00
   2.6651836e+00
   3.0846455e+00
   2.5556876e+00
   2.5944523e+00
   2.9320996e+00
   2.9133502e+00
   2.7129517e+00
   2.5870915e+00
   2.5626197e+00
   2.7346449e+00
   2.7351191e+00
   2.9220875e+00
   2.9668833e+00
   2.8980789e+00
   3.0432784e+00
   2.5545811e+00
   3.0850914e+00
   2.8094745e+00
   2.9918836e+00
   2.8439700e+00
   3.0224404e+00
   3.1162996e+00
   2.8277154e+00
   3.0129232e+00
   2.7312783e+00
   2.7921715e+00
   2.7489950e+00
   2.7260429e+00
   3.0892200e+00
   2.6038588e+00
   2.8340833e+00
   3.0458790e+00
   2.9050349e+00
   2.9201016e+00
   2.5815997e+00
   2.7041311e+00
   2.5485058e+00
   2.7981006e+00
   2.6754084e+00
