  -7.8441262e-01
  -7.5967586e-01
  -7.9518222e-01
  -7.8389012e-01
  -7.8541311e-01
  -7.8173625e-01
  -7.8908995e-01
  -7.8541311e-01
  -7.8541311e-01
  -7.8415136e-01
  -7.8567443e-01
  -7.8541311e-01
  -7.8630529e-01
  -7.8541311e-01
  -7.8452098e-01
  -7.9276673e-01
  -7.8236716e-01
  -7.8504354e-01
  -7.8935146e-01
  -7.8541311e-01
  -7.8541311e-01
  -7.8415136e-01
  -7.8541311e-01
  -7.8604394e-01
  -7.9176699e-01
  -7.8541311e-01
  -7.5715032e-01
  -7.8630529e-01
  -7.8756693e-01
  -7.8630529e-01
  -7.7375144e-01
  -7.8630529e-01
  -7.8389012e-01
  -7.7932134e-01
  -7.8299805e-01
  -8.0342839e-01
  -7.8693613e-01
  -7.8415136e-01
  -7.8782837e-01
  -7.8504354e-01
  -7.8541311e-01
  -7.8630529e-01
  -7.8047433e-01
  -7.8541311e-01
  -7.8567443e-01
  -7.8478225e-01
  -7.8541311e-01
  -7.8541311e-01
  -7.8541311e-01
  -7.9024381e-01
  -7.8415136e-01
  -7.9733593e-01
  -7.8541311e-01
  -7.7653647e-01
  -7.8299805e-01
  -7.8567443e-01
  -7.8478225e-01
  -7.8478225e-01
  -7.9392089e-01
  -7.8199737e-01
  -7.4422640e-01
  -7.8504354e-01
  -7.8541311e-01
  -7.8541311e-01
  -7.8504354e-01
  -7.8908995e-01
  -7.8478225e-01
  -7.8630529e-01
  -7.8541311e-01
  -7.8541311e-01
  -7.8567443e-01
  -7.8452098e-01
  -7.8719753e-01
  -7.8845917e-01
  -7.8325923e-01
  -7.8541311e-01
  -7.8541311e-01
  -7.6881216e-01
  -7.8541311e-01
  -7.8567443e-01
  -7.8478225e-01
  -7.8541311e-01
  -7.8630529e-01
  -7.8504354e-01
  -7.9492040e-01
  -7.8630529e-01
  -8.2627523e-01
  -7.8541311e-01
  -7.8541311e-01
  -7.8567443e-01
  -7.8756693e-01
  -7.9239773e-01
  -7.8478225e-01
  -7.8504354e-01
  -7.8441262e-01
  -7.9785988e-01
  -7.8541311e-01
  -7.8541311e-01
  -7.8441262e-01
  -7.8541311e-01
  -7.8567443e-01
  -7.8389012e-01
  -7.8541311e-01
  -7.6361247e-01
  -7.8541311e-01
  -7.8604394e-01
  -7.5310179e-01
  -7.8756693e-01
  -7.8872066e-01
  -7.8478225e-01
  -7.8504354e-01
  -7.8693613e-01
  -7.5588742e-01
  -7.8199737e-01
  -7.8541311e-01
  -7.8478225e-01
  -8.3683450e-01
  -7.8541311e-01
  -7.8415136e-01
  -7.8593578e-01
  -7.8478225e-01
  -7.8325923e-01
  -7.5347375e-01
  -7.8541311e-01
  -7.8656667e-01
  -7.8541311e-01
  -7.8604394e-01
  -7.8541311e-01
  -7.8541311e-01
  -7.8541311e-01
  -7.8541311e-01
  -7.8173625e-01
  -8.0647467e-01
  -7.8504354e-01
  -7.8604394e-01
  -7.7832030e-01
  -8.0925838e-01
  -7.8604394e-01
  -7.8630529e-01
  -7.6918295e-01
  -8.1041386e-01
  -7.8567443e-01
  -7.8604394e-01
  -7.9087459e-01
  -8.1346023e-01
  -7.8352044e-01
  -7.8504354e-01
  -7.8541311e-01
  -7.8504354e-01
  -7.8262831e-01
  -7.8656667e-01
  -7.8541311e-01
  -7.8504354e-01
  -7.8756693e-01
  -7.8452098e-01
  -7.8541311e-01
  -7.8541311e-01
  -7.9087459e-01
  -7.8567443e-01
  -7.8541311e-01
  -7.8719753e-01
  -7.8389012e-01
  -7.8515182e-01
  -7.8541311e-01
  -7.6702900e-01
  -7.8567443e-01
  -7.8567443e-01
  -7.8541311e-01
  -7.8352044e-01
  -7.8504354e-01
  -7.8478225e-01
  -7.8541311e-01
  -7.8541311e-01
  -7.8173625e-01
  -7.6361247e-01
  -7.8452098e-01
  -7.7705817e-01
  -7.8541311e-01
  -7.8478225e-01
  -7.8452098e-01
  -7.8541311e-01
  -7.8541311e-01
  -7.8541311e-01
  -7.8541311e-01
  -7.8604394e-01
  -7.8541311e-01
  -7.8808983e-01
  -7.8541311e-01
  -7.8541311e-01
  -7.8667475e-01
  -7.8478225e-01
  -7.8541311e-01
  -7.8504354e-01
  -7.8567443e-01
  -7.8719753e-01
  -7.8630529e-01
  -7.8541311e-01
  -7.8541311e-01
  -7.8541311e-01
  -7.8630529e-01
  -7.8136640e-01
  -7.9428978e-01
  -7.8541311e-01
  -7.8541311e-01
  -7.8693613e-01
  -7.8478225e-01
  -7.8325923e-01
  -7.8478225e-01
  -7.8478225e-01
  -7.8719753e-01
  -7.8541311e-01
  -7.7679731e-01
  -7.8478225e-01
  -7.9644343e-01
  -7.8782837e-01
  -7.9644343e-01
  -7.8541311e-01
  -7.8845917e-01
  -7.8935146e-01
  -7.8173625e-01
  -7.8541311e-01
  -7.8719753e-01
  -7.8693613e-01
  -7.8541311e-01
  -7.8478225e-01
  -7.8415136e-01
  -7.8604394e-01
  -7.8478225e-01
  -7.8808983e-01
  -7.8541311e-01
  -7.8352044e-01
  -8.1382758e-01
  -8.0306020e-01
  -7.7832030e-01
  -7.8199737e-01
  -7.8567443e-01
  -7.8478225e-01
  -7.6702900e-01
  -7.8504354e-01
  -7.8656667e-01
  -7.7679731e-01
  -7.9024381e-01
  -7.8110530e-01
  -7.9213604e-01
  -7.8299805e-01
  -7.8515182e-01
  -7.8541311e-01
  -7.8225852e-01
  -7.8541311e-01
  -7.8719753e-01
  -7.8567443e-01
  -7.8567443e-01
  -7.8604394e-01
  -7.8389012e-01
  -7.8782837e-01
  -7.8478225e-01
  -7.8515182e-01
  -7.8478225e-01
  -7.8415136e-01
  -7.8415136e-01
  -7.8567443e-01
  -7.2346354e-01
  -7.8667475e-01
  -7.9481340e-01
  -7.8819771e-01
  -7.8567443e-01
  -7.6602676e-01
  -7.8110530e-01
  -7.9213604e-01
  -7.8236716e-01
  -7.8504354e-01
  -7.8478225e-01
  -7.8504354e-01
  -7.8567443e-01
  -7.7832030e-01
  -7.7742836e-01
  -7.8604394e-01
  -7.8110530e-01
  -7.8819771e-01
  -7.8541311e-01
  -7.8541311e-01
  -7.8719753e-01
  -7.8908995e-01
  -7.8567443e-01
  -7.7984333e-01
  -7.8693613e-01
  -7.9644343e-01
  -7.8110530e-01
  -7.5373331e-01
  -7.8478225e-01
  -7.8415136e-01
  -7.8541311e-01
  -7.8478225e-01
  -7.8515182e-01
  -7.8630529e-01
  -7.8819771e-01
  -7.8452098e-01
  -7.8541311e-01
  -7.8541311e-01
  -7.8504354e-01
  -7.8541311e-01
  -7.8325923e-01
  -7.8415136e-01
  -7.8541311e-01
  -8.0101262e-01
  -7.8567443e-01
  -7.7285968e-01
  -7.8478225e-01
  -7.8084424e-01
  -7.8541311e-01
  -7.8541311e-01
  -7.8541311e-01
  -7.8567443e-01
  -7.8504354e-01
  -7.8567443e-01
  -7.9455157e-01
  -7.8541311e-01
  -7.8872066e-01
  -7.8389012e-01
  -7.7033505e-01
  -7.8567443e-01
  -7.9492040e-01
  -7.8541311e-01
  -7.8325923e-01
  -7.7464325e-01
  -7.8667475e-01
  -7.8567443e-01
  -7.8667475e-01
  -8.0405880e-01
  -7.8199737e-01
  -7.8756693e-01
  -7.9302844e-01
  -7.8147515e-01
  -8.2044608e-01
  -8.0253571e-01
  -7.8756693e-01
  -7.4663948e-01
  -7.8630529e-01
  -7.8452098e-01
  -7.8136640e-01
  -7.8288949e-01
  -7.9339738e-01
  -7.8541311e-01
  -7.8756693e-01
  -7.8415136e-01
  -7.8908995e-01
  -7.4017747e-01
  -7.8667475e-01
  -7.8719753e-01
  -7.9302844e-01
  -7.8541311e-01
  -7.8299805e-01
  -7.8541311e-01
  -7.8567443e-01
  -7.8478225e-01
  -7.8630529e-01
  -7.8656667e-01
  -7.8389012e-01
  -7.8478225e-01
  -7.8882846e-01
  -7.8325923e-01
  -7.8782837e-01
  -7.8441262e-01
  -7.8630529e-01
  -7.8541311e-01
  -7.7958232e-01
  -7.8504354e-01
  -7.8719753e-01
  -7.8604394e-01
  -7.3676004e-01
  -7.8478225e-01
  -7.8630529e-01
  -7.9759789e-01
  -7.8504354e-01
  -7.8593578e-01
  -7.8719753e-01
  -7.8630529e-01
  -7.8073539e-01
  -7.6108704e-01
  -7.8541311e-01
  -7.8541311e-01
  -7.7679731e-01
  -7.8541311e-01
  -7.8352044e-01
  -7.8325923e-01
  -7.8567443e-01
  -7.8541311e-01
  -7.8389012e-01
  -7.8478225e-01
  -7.8819771e-01
  -8.0521389e-01
  -7.8567443e-01
  -8.1015122e-01
  -7.8452098e-01
  -7.8630529e-01
  -8.2743203e-01
  -7.7932134e-01
  -7.8541311e-01
  -7.7869037e-01
  -7.8604394e-01
  -7.8541311e-01
  -7.8604394e-01
  -7.8021329e-01
  -7.8504354e-01
  -7.8630529e-01
  -7.8541311e-01
  -7.8604394e-01
  -7.8630529e-01
  -7.8756693e-01
  -7.8541311e-01
  -7.9733593e-01
  -7.8604394e-01
  -7.8541311e-01
  -7.8415136e-01
  -7.8452098e-01
  -7.7742836e-01
  -7.8541311e-01
  -7.8667475e-01
  -7.7768925e-01
  -7.8352044e-01
  -7.8415136e-01
  -7.8325923e-01
  -7.8541311e-01
  -7.8299805e-01
  -7.7779849e-01
  -7.8541311e-01
  -7.8504354e-01
  -7.8515182e-01
  -7.8515182e-01
  -7.8935146e-01
  -7.8541311e-01
  -7.9035141e-01
  -7.8541311e-01
  -7.8504354e-01
  -7.8693613e-01
  -7.8872066e-01
  -7.8908995e-01
  -7.8389012e-01
  -7.8604394e-01
  -7.8630529e-01
  -7.8756693e-01
  -7.8478225e-01
  -7.8593578e-01
  -7.8441262e-01
  -7.8567443e-01
  -7.8604394e-01
  -7.8541311e-01
  -7.8504354e-01
  -7.6855176e-01
  -7.5804154e-01
  -7.8504354e-01
  -7.8352044e-01
  -7.8262831e-01
  -7.8604394e-01
  -7.8136640e-01
  -7.8541311e-01
  -7.8389012e-01
  -7.8541311e-01
  -7.8541311e-01
  -7.8756693e-01
  -7.5373331e-01
  -7.8504354e-01
  -7.8719753e-01
  -8.0001372e-01
  -7.8567443e-01
  -7.8541311e-01
  -7.8567443e-01
  -7.8415136e-01
  -7.8567443e-01
  -7.8288949e-01
  -7.8478225e-01
  -7.8541311e-01
  -7.8541311e-01
  -7.8541311e-01
  -7.8719753e-01
  -7.8593578e-01
  -7.8845917e-01
  -7.8288949e-01
  -7.8541311e-01
  -7.8478225e-01
  -7.8782837e-01
  -7.8567443e-01
  -7.8478225e-01
  -7.8845917e-01
  -7.8415136e-01
  -7.8656667e-01
  -7.8478225e-01
  -7.8541311e-01
  -7.8452098e-01
  -7.8084424e-01
  -7.8441262e-01
  -7.7590542e-01
  -7.8236716e-01
  -7.6665805e-01
  -7.8236716e-01
  -7.8541311e-01
  -7.8567443e-01
  -7.8541311e-01
  -7.8441262e-01
  -7.8515182e-01
  -7.8504354e-01
  -7.8908995e-01
  -7.7716749e-01
  -7.7768925e-01
  -7.8756693e-01
  -7.8452098e-01
  -7.8541311e-01
  -7.8288949e-01
  -7.8352044e-01
  -8.0736748e-01
  -8.5769118e-01
  -7.8656667e-01
  -7.8515182e-01
  -7.7768925e-01
  -7.9759789e-01
  -7.8352044e-01
  -7.8541311e-01
  -7.8515182e-01
  -7.8541311e-01
  -7.8415136e-01
  -7.8504354e-01
  -7.8021329e-01
  -7.8541311e-01
  -7.8719753e-01
  -8.5438057e-01
  -8.1713667e-01
  -7.8541311e-01
  -7.8567443e-01
  -7.8541311e-01
  -7.8541311e-01
  -7.8415136e-01
  -7.8504354e-01
  -7.8782837e-01
  -7.8604394e-01
  -7.8567443e-01
  -8.0925838e-01
  -7.8478225e-01
  -7.8630529e-01
  -7.8478225e-01
  -7.8478225e-01
  -7.7096625e-01
  -7.8567443e-01
  -7.8935146e-01
  -7.8478225e-01
  -7.8504354e-01
  -7.7869037e-01
  -7.8656667e-01
  -7.8541311e-01
  -7.8541311e-01
  -7.8452098e-01
  -7.8478225e-01
  -7.8541311e-01
  -7.8541311e-01
  -7.8325923e-01
  -7.8415136e-01
  -7.8667475e-01
  -7.8541311e-01
  -7.8808983e-01
  -7.8541311e-01
  -7.8541311e-01
  -7.8541311e-01
  -7.8719753e-01
  -7.8782837e-01
  -7.8389012e-01
  -8.0826034e-01
  -7.8998224e-01
  -7.8199737e-01
  -7.8541311e-01
  -8.3352445e-01
  -7.8452098e-01
  -7.8656667e-01
  -7.8567443e-01
  -7.8567443e-01
  -7.8325923e-01
  -8.0127477e-01
  -7.8504354e-01
  -7.8541311e-01
  -7.8604394e-01
  -7.8262831e-01
  -7.8845917e-01
  -7.8504354e-01
  -7.8719753e-01
  -7.8541311e-01
  -7.8567443e-01
  -7.8693613e-01
  -7.8541311e-01
  -7.8541311e-01
  -7.8415136e-01
  -7.8872066e-01
  -7.8719753e-01
  -7.9481340e-01
  -7.8541311e-01
