   2.1100761e-01
   2.3935391e-01
   5.5049212e-01
   6.7347658e-02
   3.2420458e-01
   4.5929093e-01
   9.9399006e-02
   4.0545643e-01
   5.7758482e-01
   5.3072970e-01
   5.2742635e-01
   1.9272881e-01
   4.5521108e-01
   3.9438373e-01
   3.8350770e-01
   5.1794637e-01
   1.5142597e-01
   3.9394386e-03
   1.4188397e-01
   4.7214852e-01
   3.0579335e-01
   5.6460801e-03
   1.2553402e-02
   2.5999329e-03
   5.3297358e-01
   3.8197737e-01
   5.0747983e-01
   1.3038566e-01
   3.7218654e-02
   4.1069173e-01
   1.9966511e-01
   1.8516411e-01
   1.1006922e-01
   9.9399006e-02
   5.4940543e-01
   2.5744444e-01
   4.0207444e-01
   2.8301734e-01
   4.2929663e-01
   6.0995317e-01
   4.0079489e-02
   5.2536090e-01
   9.9205300e-02
   3.5205909e-01
   6.0361364e-02
   1.3477767e-01
   3.0116976e-01
   4.9850596e-01
   1.0720212e-01
   2.7099860e-01
   2.3277780e-01
   5.4781842e-01
   1.4799224e-01
   1.3559142e-01
   2.0858647e-01
   1.8686454e-01
   3.4723580e-01
   4.2087588e-01
   2.6601990e-01
   3.0224597e-01
   4.4728453e-01
   3.2376434e-01
   2.7407708e-01
   5.3723441e-01
   2.2508337e-02
   3.3866882e-01
   6.1219719e-01
   8.0361886e-02
   2.2582189e-01
   7.5158502e-02
   2.1012043e-01
   8.4669151e-02
   4.7062445e-01
   3.7212203e-01
   2.4062869e-01
   4.4259065e-01
   4.4861381e-01
   2.4766036e-01
   7.2553434e-02
   3.3211816e-01
   1.9335675e-01
   3.6926872e-01
   5.1776776e-01
   3.8772511e-01
   4.6097730e-02
   5.8749204e-01
   3.5535057e-01
   2.1273341e-01
   2.5923779e-01
   4.9218122e-01
   3.2767722e-01
   1.0460176e-01
   5.3188596e-01
   5.1368508e-01
   4.5459646e-01
   3.5751666e-01
   4.2618609e-01
   4.8572266e-01
   6.2781022e-02
   7.6865094e-02
   1.2543349e-01
   3.3230038e-01
   4.9043489e-01
   1.4889568e-01
   4.5972530e-01
   4.7196887e-01
   4.8066982e-01
   5.4507412e-01
   1.9210085e-01
   8.0620105e-03
   4.8554330e-01
   8.5122693e-02
   9.2662260e-02
   3.1234400e-01
   5.4156490e-01
   1.1851155e-01
   5.3315182e-01
   5.5475245e-01
   1.7274105e-01
   1.4493532e-01
   3.0597597e-01
   5.7531865e-01
   2.2083526e-01
   6.0397661e-01
   3.8772511e-01
   3.9174673e-01
   5.4240025e-01
   1.0810296e-01
   2.0253808e-01
   4.4637362e-01
   2.1082389e-01
   1.4493532e-01
   3.0662766e-01
   5.3456029e-01
   2.4107154e-01
   3.6725129e-01
   3.2420458e-01
   5.8408791e-01
   3.9187427e-02
   5.3698248e-01
   5.7531865e-01
   3.5560776e-01
   4.8268855e-01
   4.8955080e-01
   5.9291015e-01
   1.5231159e-03
   5.3748192e-01
   3.2332407e-01
   4.0785885e-01
   3.7567067e-01
   5.8524771e-01
   4.8128252e-01
   1.1088354e-01
   5.6692494e-01
   2.2320893e-01
   3.9818190e-02
   5.2470373e-01
   4.2424201e-01
   6.7163078e-02
   6.1378388e-01
   8.3144289e-02
   3.2310145e-03
   4.5190399e-01
   4.8243479e-01
   1.1851155e-01
   9.1217347e-02
   4.9644217e-01
   2.9788104e-01
   2.1517426e-01
   4.3977582e-01
   2.9019064e-01
   2.4242231e-01
   4.6885967e-01
   2.5371707e-01
   2.3520704e-01
   2.2954400e-02
   4.2333094e-01
   2.4260572e-01
   5.2578566e-01
   1.2498828e-01
   1.2067259e-01
   2.3366391e-01
   6.0490608e-01
   3.4258146e-01
   3.0271480e-01
   1.8336327e-01
   1.0770057e-03
   1.9697212e-03
   5.3791198e-01
   3.8361805e-01
   1.6301407e-01
   3.5580316e-01
   1.0225673e-01
   5.9356745e-01
