   1.6399858e+00
   1.6665099e+00
   1.1964749e+00
   1.1851320e+00
   1.6260868e+00
   1.8135855e+00
   1.5639424e+00
   2.5167431e+00
   1.6726075e+00
   2.3269568e+00
   2.2717591e+00
   2.4874373e+00
   1.5173978e+00
   2.3871108e+00
   1.6743226e+00
   1.9376090e+00
   6.4245519e-01
   1.6760321e+00
   1.3837895e+00
   1.6853656e+00
   1.7573519e+00
   2.3507370e+00
   1.4284674e+00
   1.0546150e+00
   1.3543594e+00
   1.9975737e+00
   2.1367245e+00
   1.2815499e+00
   1.3249992e+00
   1.1431826e+00
   2.1478791e+00
   2.1317859e+00
   1.3394767e+00
   2.2140153e+00
   2.5150999e+00
   1.8483938e+00
   1.1012801e+00
   1.8944230e+00
   2.3642957e+00
   7.2235265e-01
   6.5914636e-01
   2.0373000e+00
   1.4175912e+00
   1.1736970e+00
   7.5581912e-01
   1.5482880e+00
   2.3269568e+00
   1.8348763e+00
   1.2243332e+00
   2.2926349e+00
   9.1430530e-01
   7.0923868e-01
   1.1416802e+00
   1.8002534e+00
   8.4686576e-01
   1.5343415e+00
   1.4898041e+00
   7.6933741e-01
   1.3328405e+00
   2.2311748e+00
   1.6208885e+00
   2.2683549e+00
   1.4240044e+00
   2.2296954e+00
   1.9989851e+00
   1.4145342e+00
   2.0439387e+00
   1.9198975e+00
   1.8877520e+00
   1.7762856e+00
   2.4530675e+00
   1.1846796e+00
   2.0974915e+00
   1.4649817e+00
   2.1344801e+00
   1.8584980e+00
   2.1039304e+00
   9.7906005e-01
   1.5872877e+00
   1.9026568e+00
   1.5640735e+00
   9.2545126e-01
   1.8826259e+00
   1.0827176e+00
   2.1883987e+00
   8.9862497e-01
   1.0134605e+00
   8.8543284e-01
   1.6147365e+00
   1.4343022e+00
   1.3986931e+00
   8.9340716e-01
   2.4261382e+00
   1.0132989e+00
   9.2080035e-01
   1.2126889e+00
   1.0516019e+00
   1.2251058e+00
   1.3059443e+00
   1.7923268e+00
   9.9944972e-01
   1.2184800e+00
   7.3443825e-01
   1.0643858e+00
   1.1984927e+00
   6.3698180e-01
   2.0370775e+00
   8.3660198e-01
   1.8855668e+00
   6.5804279e-01
   1.8055514e+00
   1.3681989e+00
   9.5624707e-01
   2.2013909e+00
   2.0342876e+00
   2.3716012e+00
   6.5615032e-01
   1.7944486e+00
   2.3406166e+00
   6.9721750e-01
   1.3479154e+00
   2.1865070e+00
   2.3829596e+00
   1.8874939e+00
   6.3564382e-01
   9.2011906e-01
   1.0833298e+00
   2.4512470e+00
   1.4120477e+00
   1.5470811e+00
   2.2950410e+00
   9.8713562e-01
   1.3616227e+00
   1.8460117e+00
   2.1399657e+00
   2.1005047e+00
   1.1862244e+00
   1.7300332e+00
   2.1992158e+00
   1.0393893e+00
   2.3811396e+00
   2.1959748e+00
   1.1605833e+00
   2.0533268e+00
   1.5619197e+00
   2.2146622e+00
   1.8686887e+00
   1.6107992e+00
   1.6639042e+00
   1.2604668e+00
   7.7098585e-01
   1.6786383e+00
   9.0932319e-01
   1.4284674e+00
   1.2974452e+00
   1.8552366e+00
   6.2018646e-01
   6.2807910e-01
   1.1994810e+00
   1.0827176e+00
   2.4180749e+00
   7.1778448e-01
   2.1731184e+00
   1.4626934e+00
   6.6553528e-01
   1.4529910e+00
   9.8171733e-01
   1.1060573e+00
   2.0934826e+00
   8.8790965e-01
   1.1098978e+00
   1.2316254e+00
   2.3553702e+00
   9.9544114e-01
   2.5069357e+00
   2.3615106e+00
   1.4051264e+00
   1.8603627e+00
   2.3565359e+00
   8.2053697e-01
   1.5106142e+00
   8.2856948e-01
   2.0289371e+00
   1.3519183e+00
   1.7916998e+00
   6.5566849e-01
   1.7094392e+00
   2.2501112e+00
   2.1868240e+00
   2.0015206e+00
   1.0926225e+00
   1.3626535e+00
   1.3887064e+00
   2.0837117e+00
   2.1745965e+00
   1.0150636e+00
   1.1063116e+00
   2.0944783e+00
   1.4128171e+00
   1.6179707e+00
   9.4870647e-01
   1.2525535e+00
   1.5116962e+00
   1.2888452e+00
   1.3095721e+00
   1.9062368e+00
   6.4336005e-01
   1.8799882e+00
   8.3900245e-01
   2.3701240e+00
   8.4912616e-01
   8.1463583e-01
   1.2084865e+00
   1.7182174e+00
   9.2809319e-01
   1.5662273e+00
   2.4169098e+00
   1.0915324e+00
   1.4921483e+00
   2.2078508e+00
   1.3573000e+00
   1.0913745e+00
   1.6559675e+00
   1.3419060e+00
   2.2465394e+00
   1.5569813e+00
   6.9216618e-01
   1.8679163e+00
   2.0209531e+00
   1.6205718e+00
   1.1410639e+00
   1.3680557e+00
   1.9180321e+00
   1.2864669e+00
   2.4277856e+00
   2.2565729e+00
   1.8334788e+00
   9.6683253e-01
   1.8397477e+00
   6.4703766e-01
   2.0331970e+00
   2.1394857e+00
   8.5871351e-01
   2.4310159e+00
   1.6188626e+00
   2.3361541e+00
   1.2375855e+00
   1.8334788e+00
   9.0948919e-01
   7.3560354e-01
   1.6764735e+00
   2.0915960e+00
   1.7888434e+00
   1.6011050e+00
   2.4210605e+00
   2.3217384e+00
   8.8385549e-01
   2.1233550e+00
   1.5103005e+00
   1.0115342e+00
   2.4291236e+00
   1.7721384e+00
   1.3565289e+00
   1.8030621e+00
   1.6836562e+00
   1.1021164e+00
   2.0922345e+00
   2.4443752e+00
   1.7041760e+00
   2.2991877e+00
   1.9126052e+00
   1.8430091e+00
   2.3290880e+00
   1.7137043e+00
   1.6787618e+00
   1.4818155e+00
   1.8574057e+00
   1.5689038e+00
   1.6185460e+00
   1.9678957e+00
   2.1780015e+00
   1.2307019e+00
   1.2991623e+00
   9.8396163e-01
   7.8090597e-01
   1.6219077e+00
   1.9785163e+00
   2.2905047e+00
   1.1110885e+00
   2.4634418e+00
   2.1557043e+00
   2.3939038e+00
   1.5343415e+00
   9.0419131e-01
   1.3818117e+00
   1.3509836e+00
   1.5123268e+00
   1.4362794e+00
   1.8077211e+00
   1.9867983e+00
   1.3183309e+00
   9.6458844e-01
   1.8591223e+00
   2.1645269e+00
   1.9704902e+00
   9.7561958e-01
   8.8501976e-01
   1.0336532e+00
   7.8241333e-01
   9.9913182e-01
   8.5630688e-01
   1.9153941e+00
   2.3822768e+00
   6.3947298e-01
   8.3097034e-01
   1.6629564e+00
   1.3744312e+00
   9.0219655e-01
   1.9444924e+00
   1.2397085e+00
   2.0156268e+00
   2.1354768e+00
   1.1447908e+00
   2.1838147e+00
   1.9686256e+00
   1.1383084e+00
   8.9072000e-01
   7.2723028e-01
   9.6234445e-01
   2.2616243e+00
   2.3982982e+00
   7.1315142e-01
   1.5242526e+00
   1.6006578e+00
   1.7177089e+00
   6.3970647e-01
   1.4384459e+00
   2.3677927e+00
   1.2680815e+00
   1.7830381e+00
   8.8907378e-01
   1.4395154e+00
   1.2651856e+00
   1.3949980e+00
   1.2192088e+00
   1.4856251e+00
   2.0380710e+00
   8.0262452e-01
   1.7327803e+00
   1.2160993e+00
   1.4182202e+00
   6.3314357e-01
   1.6477870e+00
   1.7682513e+00
   6.6669891e-01
   1.5434046e+00
   9.3274434e-01
   1.1687219e+00
   2.5123514e+00
   1.5138492e+00
   2.4145351e+00
   1.0885851e+00
   7.5300533e-01
   6.6305849e-01
   2.5080404e+00
   1.5205768e+00
   1.5941968e+00
   8.1912834e-01
   1.2539903e+00
   1.9999124e+00
   1.2553859e+00
   1.8181974e+00
   8.8254302e-01
   1.8896172e+00
   1.8727386e+00
   1.0209615e+00
   1.7869255e+00
   8.5225299e-01
   2.4259383e+00
   2.0669194e+00
   1.3527492e+00
   1.1825979e+00
   9.3897131e-01
   1.1326041e+00
   1.5141104e+00
   2.2496980e+00
   1.8441012e+00
   1.5723193e+00
   2.5178248e+00
   7.6999148e-01
   1.8329658e+00
   8.9570194e-01
   2.1233923e+00
   2.2345114e+00
   2.4207508e+00
   1.6267174e+00
   1.4369088e+00
   1.6824475e+00
   2.3904074e+00
   1.8826259e+00
   1.1669594e+00
   1.7385850e+00
   2.2631363e+00
   1.0601244e+00
   1.2940825e+00
   1.3774882e+00
   1.5095433e+00
   1.5346578e+00
   8.0403246e-01
   2.0727476e+00
   7.0501682e-01
   9.7654917e-01
   1.5452421e+00
   1.8781231e+00
   2.3815514e+00
   1.7031468e+00
   2.4984079e+00
   1.5487332e+00
   2.3575308e+00
   7.7726795e-01
   2.3500541e+00
   1.9209901e+00
   1.6505797e+00
   2.4120320e+00
   1.4057551e+00
   2.4254557e+00
   1.8189692e+00
   1.7432184e+00
   2.0464345e+00
   1.2089586e+00
   2.2776281e+00
   9.4161229e-01
   2.3999463e+00
   1.9503929e+00
   8.1563174e-01
   2.3864281e+00
   2.0234483e+00
   6.9680708e-01
   2.1727054e+00
   1.2126889e+00
   7.8389105e-01
   7.0484340e-01
   6.3929758e-01
   2.4742371e+00
   2.3467572e+00
   1.5404877e+00
   1.4250920e+00
   2.3951126e+00
   2.2841209e+00
   2.3558531e+00
   9.6307472e-01
   7.7331713e-01
   2.0632946e+00
   1.3244868e+00
   1.3988838e+00
   1.9088747e+00
   1.9125426e+00
   6.1718926e-01
   2.4562983e+00
   2.1169779e+00
   1.9974184e+00
   1.9485279e+00
   1.2056966e+00
   1.1074022e+00
   1.7805492e+00
   6.9034563e-01
   1.6150531e+00
   1.8016515e+00
   2.3530388e+00
   2.0232917e+00
   1.6502667e+00
   2.1072619e+00
   7.5166799e-01
   1.3753191e+00
   2.3967886e+00
   1.8256051e+00
   2.4653344e+00
   2.3543752e+00
   1.2581942e+00
   1.0055468e+00
   8.4257354e-01
   7.8787097e-01
   1.5574806e+00
   1.5398569e+00
   1.4706433e+00
   1.0931394e+00
   2.1657740e+00
   1.8671438e+00
   6.9607909e-01
   1.9446450e+00
   1.5343415e+00
   2.2805494e+00
   2.0879731e+00
   2.0160788e+00
   2.2371544e+00
   1.9212474e+00
   8.8350753e-01
   9.5219647e-01
   8.2242478e-01
   1.1017569e+00
   1.3876171e+00
   1.8147621e+00
   1.0396795e+00
   1.5123268e+00
   6.3216545e-01
   2.4629597e+00
   1.5721888e+00
   1.9989851e+00
   7.0185819e-01
   1.7131252e+00
   1.1729670e+00
   9.0251227e-01
   1.0471144e+00
   8.8385549e-01
   2.2769084e+00
   8.0121830e-01
   2.1370425e+00
   7.2723028e-01
   2.1626002e+00
   2.3992637e+00
   1.8578736e+00
   2.4088023e+00
   1.3704274e+00
   2.3611695e+00
   7.9566037e-01
   2.0058782e+00
   8.8186097e-01
   1.2466996e+00
   2.1613530e+00
   1.5574806e+00
   8.2366416e-01
   9.8781498e-01
   1.8992462e+00
   1.4503846e+00
   1.3943695e+00
   9.6799340e-01
   2.3962067e+00
   9.2668257e-01
   1.7502803e+00
   1.3805556e+00
   1.7961065e+00
   1.8163341e+00
   1.4935620e+00
   1.1783523e+00
   1.3084337e+00
   1.0144570e+00
   1.8132186e+00
   2.2681181e+00
   1.8044602e+00
   6.3082755e-01
   1.5519112e+00
   1.7710483e+00
   1.2563290e+00
   1.9070094e+00
   1.9639702e+00
   1.7444754e+00
   1.4950144e+00
   1.9893925e+00
   1.1980402e+00
   1.9524108e+00
   6.8229946e-01
   1.1550918e+00
   1.5790421e+00
   1.6737438e+00
   9.3804210e-01
   6.3630083e-01
   1.0669209e+00
   1.5893119e+00
   1.8527934e+00
   1.8223438e+00
   2.0354383e+00
   7.4538595e-01
   1.1006666e+00
   1.3774882e+00
   1.9103757e+00
   1.4856251e+00
   2.2883429e+00
   1.0263795e+00
   1.4213978e+00
   1.3677958e+00
   9.4305759e-01
   1.8542922e+00
   1.0898330e+00
   1.6738675e+00
   2.2381518e+00
   1.6983911e+00
   9.8271443e-01
   2.2735738e+00
   1.3417436e+00
   1.4825820e+00
   6.3947298e-01
   1.1935806e+00
   2.3229775e+00
   7.1919415e-01
   1.9270385e+00
   2.1473108e+00
   1.2471697e+00
   1.3880782e+00
   1.5356030e+00
   1.1098005e+00
   2.2749839e+00
   1.0167012e+00
   2.3603450e+00
   2.1552239e+00
   1.1088722e+00
   2.2790701e+00
   1.6647953e+00
   1.2319896e+00
   2.1082579e+00
   2.0694155e+00
   2.3666270e+00
   1.7256602e+00
   2.1134483e+00
   1.7219036e+00
   1.4559090e+00
   2.2697650e+00
   2.0230370e+00
   2.1943998e+00
   9.6089864e-01
   8.2118917e-01
