   2.2227186e+00
   7.5797857e-01
   1.1610577e+00
   1.0209615e+00
   2.1492890e+00
   1.4413635e+00
   8.0403246e-01
   1.6399858e+00
   2.4330097e+00
   1.0883615e+00
   1.6137917e+00
   1.6200686e+00
   2.4226431e+00
   1.5525420e+00
   1.8901318e+00
   2.4240461e+00
   8.9488669e-01
   2.4038308e+00
   2.2565729e+00
   1.0147082e+00
   1.4031488e+00
   2.3661442e+00
   1.6220944e+00
   1.0678500e+00
   2.1662905e+00
   1.6352285e+00
   8.7134524e-01
   2.3509075e+00
   1.1462346e+00
   1.3110696e+00
   1.9803805e+00
   2.3189246e+00
   1.2666854e+00
   6.3014676e-01
   7.3676887e-01
   1.0748711e+00
   1.1292969e+00
   8.0080594e-01
   7.7874547e-01
   6.6694583e-01
   2.2395624e+00
   1.0144570e+00
   6.5821764e-01
   1.8989261e+00
   1.0279168e+00
   2.4192400e+00
   1.5673808e+00
   9.0267855e-01
   2.1061744e+00
   2.0651545e+00
   1.1415248e+00
   1.1749854e+00
   2.0804730e+00
   2.4595291e+00
   2.3123013e+00
   1.0013762e+00
   2.0547725e+00
   1.7648750e+00
   8.8566895e-01
   2.0649011e+00
   7.5650188e-01
   9.5925639e-01
   1.5507578e+00
   1.0952235e+00
   1.7593784e+00
   2.3130232e+00
   9.0659926e-01
   9.6475214e-01
   1.8567813e+00
   1.1482534e+00
   1.7474834e+00
   2.2052778e+00
   1.7947082e+00
   6.2401658e-01
   1.3268305e+00
   2.1485583e+00
   2.2395624e+00
   2.3123013e+00
   2.0752827e+00
   1.6516527e+00
   1.1052862e+00
   1.6001596e+00
   1.4815545e+00
   2.4862740e+00
   1.8654889e+00
   2.2517574e+00
   1.6599135e+00
   1.0906037e+00
   9.7457169e-01
   2.0530076e+00
   1.4186592e+00
   2.2400778e+00
   2.0981006e+00
   1.7369261e+00
   1.7353867e+00
   1.1989653e+00
   1.5860046e+00
   1.2942300e+00
   1.3254326e+00
   2.1598753e+00
   1.6089070e+00
   8.0924810e-01
   1.6144224e+00
   1.1594493e+00
   1.6035198e+00
   1.7148418e+00
   2.5178248e+00
   6.3034615e-01
   1.0706652e+00
   1.7006793e+00
   1.4953276e+00
   2.3806284e+00
   7.9631354e-01
   1.7260286e+00
   2.1916400e+00
   2.2855235e+00
   2.3784972e+00
   1.5395956e+00
   2.0238084e+00
   2.2517574e+00
   1.3602724e+00
   7.0858291e-01
   2.3371197e+00
   1.1841636e+00
   2.4305334e+00
   9.9961189e-01
   8.0568092e-01
   1.5254612e+00
   1.3059443e+00
   1.6994777e+00
   9.5043391e-01
   1.9491475e+00
   2.3267872e+00
   2.1177089e+00
   9.3438833e-01
   1.1809501e+00
   1.1723486e+00
   1.3702251e+00
   2.4128872e+00
   1.0126924e+00
   1.4824458e+00
   1.6167093e+00
   9.2684784e-01
   9.9371353e-01
   2.1719394e+00
   2.4083197e+00
   2.2520367e+00
   1.3590177e+00
   2.1780015e+00
   1.4733732e+00
   2.4288593e+00
   1.8401139e+00
   1.0264702e+00
   2.3806284e+00
   2.3743460e+00
   1.0715013e+00
   2.1198627e+00
   1.3427374e+00
   1.7632650e+00
   1.2988425e+00
   1.7224828e+00
   1.0599650e+00
   1.6119525e+00
   1.9693980e+00
   1.4355108e+00
   2.1652933e+00
   1.3506642e+00
   1.5768883e+00
   1.4451784e+00
   2.0938396e+00
   1.0244537e+00
   1.1825979e+00
   1.2993557e+00
   2.4524113e+00
   2.5085218e+00
   8.7880398e-01
   6.6918742e-01
   1.1344261e+00
   2.2738192e+00
   1.6743226e+00
   2.1930855e+00
   1.4889127e+00
   1.8362272e+00
   1.5040207e+00
   7.9682607e-01
   1.8357606e+00
   8.3121398e-01
   2.1718716e+00
   7.3395558e-01
   9.4629848e-01
   1.3266564e+00
   1.5816968e+00
   1.7713676e+00
   1.1127531e+00
   7.3145259e-01
   2.0156268e+00
   1.6378331e+00
   2.1851815e+00
   1.9585214e+00
   1.2513526e+00
   1.2653346e+00
   2.4354111e+00
   6.4355954e-01
   1.6016825e+00
   1.1270570e+00
   2.1214663e+00
   2.1325539e+00
   1.0813112e+00
   1.3220579e+00
   1.3981139e+00
   1.6219077e+00
   1.9172595e+00
   1.8813840e+00
   1.9487845e+00
   2.1344801e+00
   1.6744975e+00
   2.1956458e+00
   1.8944230e+00
   1.2148550e+00
   1.1033643e+00
   1.3440880e+00
   1.8746037e+00
   1.4548803e+00
   2.2807173e+00
   1.7718191e+00
   1.0414065e+00
   2.1070099e+00
   1.8008801e+00
   2.3874218e+00
   1.6387248e+00
   1.2122170e+00
   6.3471463e-01
   2.4929104e+00
   1.9286466e+00
   1.2179646e+00
   1.6514712e+00
   1.9627243e+00
   2.4533393e+00
   1.6050976e+00
   2.3558531e+00
   1.1787148e+00
   6.6164790e-01
   2.0355353e+00
   2.4913971e+00
   2.3018635e+00
   1.7581223e+00
   2.1137135e+00
   1.0709290e+00
   1.1368060e+00
   8.6709124e-01
   9.7822601e-01
   1.9892918e+00
   9.6548244e-01
   2.2909872e+00
   1.8146166e+00
   8.5939589e-01
   1.5173451e+00
   7.8175967e-01
   1.2669890e+00
   1.0608943e+00
   1.9037494e+00
   2.2681181e+00
   1.3173853e+00
   2.4323540e+00
   1.6847358e+00
   1.0517617e+00
   2.4297793e+00
   1.9346513e+00
   1.1921252e+00
   1.9244007e+00
   1.1159625e+00
   2.1906776e+00
   2.1622826e+00
   1.0727885e+00
   8.2218525e-01
   1.1130155e+00
   1.2779685e+00
   2.3839535e+00
   1.1754591e+00
   8.5774846e-01
   1.7432184e+00
   2.2895079e+00
   1.2138252e+00
   1.8778031e+00
   9.4594682e-01
   8.5823099e-01
   1.9433567e+00
   8.1611454e-01
   8.1744963e-01
   2.0673972e+00
   1.0558631e+00
   1.4809243e+00
   1.1286241e+00
   1.6110605e+00
   2.3704356e+00
   1.1779424e+00
   2.0435794e+00
   1.1468098e+00
   9.5284185e-01
   1.6708254e+00
   1.1524558e+00
   8.6561178e-01
   1.7138941e+00
   1.7691876e+00
   1.6928667e+00
   2.2198289e+00
   1.1206395e+00
   1.6795292e+00
   1.4538816e+00
   1.9564606e+00
   1.5796730e+00
   1.5395956e+00
   1.0202834e+00
   1.6219077e+00
   1.0516019e+00
   1.1167583e+00
   1.3710551e+00
   1.4208267e+00
   1.1067883e+00
   6.8223764e-01
   1.3209663e+00
   1.4552792e+00
   1.8579843e+00
   1.1729670e+00
   2.4840317e+00
   1.7355771e+00
   1.8788956e+00
   2.1317859e+00
   2.2515907e+00
   2.1959748e+00
   2.3918161e+00
   2.1643638e+00
   1.4562270e+00
   6.3496290e-01
   2.4473602e+00
   7.9816201e-01
   8.4827528e-01
   1.8773505e+00
   2.3087306e+00
   7.6186117e-01
   1.6612986e+00
   1.1802170e+00
   1.8468954e+00
   9.5408821e-01
   1.1424521e+00
   2.4804515e+00
   7.8670528e-01
   9.3804210e-01
   2.0903095e+00
   7.1040353e-01
   1.3329857e+00
   2.4300242e+00
   1.2974915e+00
   1.0441011e+00
   7.1778448e-01
   1.3800940e+00
   2.3894850e+00
   1.2151750e+00
   2.3250352e+00
   8.7729192e-01
   1.7308027e+00
   1.9248723e+00
   2.1485583e+00
   1.0695761e+00
   9.6234445e-01
   2.1982183e+00
   1.7192471e+00
   2.2207923e+00
   1.3805556e+00
   2.2481855e+00
   9.3463652e-01
   7.3004330e-01
   6.6395002e-01
   1.3619307e+00
   1.8762580e+00
   7.3694125e-01
   1.2637278e+00
   1.0716992e+00
   6.8694084e-01
   1.8495320e+00
   7.3237385e-01
   2.4865809e+00
   1.4097599e+00
   9.3855814e-01
   2.3204035e+00
   1.3592775e+00
   1.0471144e+00
   1.8138448e+00
   7.6518642e-01
   8.4205961e-01
   1.6653011e+00
   2.0620465e+00
   1.6934963e+00
   9.6430357e-01
   8.6396454e-01
   2.4632676e+00
   8.8045069e-01
   1.5446113e+00
   1.0883615e+00
   1.7660135e+00
   1.3828423e+00
   1.7159923e+00
   1.8818984e+00
   2.0957264e+00
   2.3959673e+00
   1.5784113e+00
   1.4645461e+00
   7.2956065e-01
   1.1445354e+00
   1.5031290e+00
   6.2583562e-01
   1.9371368e+00
   1.9761357e+00
   1.0354182e+00
   8.5698926e-01
   2.1645269e+00
   1.0772085e+00
   6.2036242e-01
   1.4776885e+00
   2.2147448e+00
   1.1371257e+00
   9.1646596e-01
   9.7722888e-01
   1.6990206e+00
   1.9856646e+00
   1.6498136e+00
   7.4074778e-01
   8.5633866e-01
   1.2682304e+00
   9.0732827e-01
   1.5591350e+00
   2.1213995e+00
   1.6122690e+00
   2.1201142e+00
   1.4108396e+00
   2.0693212e+00
   1.9066451e+00
   1.0187172e+00
   2.1882346e+00
   8.7945350e-01
   1.0222094e+00
   1.1540640e+00
   1.3303511e+00
   1.2613012e+00
   2.1370425e+00
   1.2699465e+00
   1.2696266e+00
   1.7830381e+00
   2.4429650e+00
   1.6547069e+00
   1.3570402e+00
   8.2575173e-01
   7.7630231e-01
   2.0540018e+00
   2.2365062e+00
   1.9603862e+00
   2.4841042e+00
   2.1584652e+00
   1.9712624e+00
   6.8413015e-01
   2.5241544e+00
   2.1691787e+00
   1.2114444e+00
   7.0113038e-01
   9.7822601e-01
   1.1877265e+00
   7.3327300e-01
   7.5331628e-01
   2.0459574e+00
   1.2177074e+00
   1.0458662e+00
   1.2969781e+00
   1.5893119e+00
   1.5911509e+00
   7.3858927e-01
   1.2812299e+00
   1.9231127e+00
   1.0623018e+00
   1.8574057e+00
   2.5209814e+00
   7.5448182e-01
   1.8200004e+00
   1.0269872e+00
   2.3375602e+00
   2.2749839e+00
   6.7633048e-01
   9.7337540e-01
   1.1838436e+00
   1.6943868e+00
   7.9483542e-01
   1.0147082e+00
   1.6700583e+00
   2.0623657e+00
   2.1718716e+00
   8.2002368e-01
   1.6086457e+00
   1.7760829e+00
   1.5191815e+00
   1.0102865e+00
   2.1747601e+00
   8.4497966e-01
   2.5241544e+00
   2.4569803e+00
   1.6807891e+00
   1.3391097e+00
   7.1730191e-01
   7.0923868e-01
   1.6720288e+00
   9.3322588e-01
   1.4769217e+00
   2.3523854e+00
   2.2064401e+00
   1.9553682e+00
   1.6951550e+00
   2.3309363e+00
   2.2710972e+00
   1.1694941e+00
   9.3074933e-01
   1.2923655e+00
   2.0602815e+00
   2.3633300e+00
   1.9236280e+00
   1.5747345e+00
   2.2082018e+00
   7.4463198e-01
   1.2187372e+00
   1.4904345e+00
   2.5132650e+00
   9.4870647e-01
   1.5296402e+00
   1.7218538e+00
   1.1543197e+00
   2.3909182e+00
   2.0240630e+00
   1.2674579e+00
   2.0209531e+00
   8.8450475e-01
   9.7189745e-01
   9.8954264e-01
   7.0669047e-01
   1.2274863e+00
   8.9148149e-01
   1.9198975e+00
   1.0967254e+00
   2.1626361e+00
   7.9020234e-01
   1.9952579e+00
   1.6163927e+00
   1.8386557e+00
   1.4675879e+00
   2.1534600e+00
   1.4995803e+00
   9.9913182e-01
   8.4844368e-01
   2.3365646e+00
   1.9411716e+00
   2.0467283e+00
   8.8591508e-01
   2.2188314e+00
   1.1654570e+00
   1.2968665e+00
   2.5210543e+00
   1.1038410e+00
   2.3759944e+00
   9.6924021e-01
   6.7168931e-01
   2.1030009e+00
   1.8451785e+00
   2.4995464e+00
   2.2880982e+00
   7.3237385e-01
   2.1638832e+00
   2.0069696e+00
   1.3413393e+00
   6.7399168e-01
   1.8984735e+00
   1.1656113e+00
   9.8489126e-01
   1.6740048e+00
   2.5052918e+00
   1.6264822e+00
   8.0214171e-01
   8.5874537e-01
   9.2468763e-01
   2.2082018e+00
   2.0487469e+00
   9.8588833e-01
   2.3127840e+00
   1.1925919e+00
   2.4082922e+00
   2.1127173e+00
   1.0908576e+00
