   2.3561795e+00
   2.3318091e+00
   2.3540257e+00
   2.3561795e+00
   2.3561795e+00
   2.3531335e+00
   2.3561795e+00
   2.3574413e+00
   2.3556569e+00
   2.3537643e+00
   2.3552874e+00
   2.3555487e+00
   2.3561795e+00
   2.3641643e+00
   2.3540257e+00
   2.3604874e+00
   2.3574413e+00
   2.3537643e+00
   2.3561795e+00
   2.3801342e+00
   2.3564408e+00
   2.3583334e+00
   2.3561795e+00
   2.3559182e+00
   2.3565491e+00
   2.3568104e+00
   2.3561795e+00
   2.3561795e+00
   2.3543951e+00
   2.3570717e+00
   2.3559182e+00
   2.3540257e+00
   2.3565491e+00
   2.3565491e+00
   2.3552874e+00
   2.3561795e+00
   2.3559182e+00
   2.3577025e+00
   2.3617493e+00
   2.3561795e+00
   2.3583334e+00
   2.3559182e+00
   2.3583334e+00
   2.3433642e+00
   2.3555487e+00
   2.3561795e+00
   2.3543951e+00
   2.3561795e+00
   2.3525027e+00
   2.3559182e+00
   2.3583334e+00
   2.3550260e+00
   2.3568104e+00
   2.3583334e+00
   2.3546565e+00
   2.3561795e+00
   2.3561795e+00
   2.3531335e+00
   2.3546565e+00
   2.3552874e+00
   2.3561795e+00
   2.3549179e+00
   2.3589643e+00
   2.3607484e+00
   2.3561795e+00
   2.3580722e+00
   2.3555487e+00
   2.3494566e+00
   2.3561795e+00
   2.3559182e+00
   2.3491949e+00
   2.3561795e+00
   2.3555487e+00
   2.3583334e+00
   2.3574413e+00
   2.3561795e+00
   2.3540257e+00
   2.3564408e+00
   2.3561795e+00
   2.3543951e+00
   2.3561795e+00
   2.3540257e+00
   2.3561795e+00
   2.3561795e+00
   2.3565491e+00
   2.3565491e+00
   2.3555487e+00
   2.3568104e+00
   2.3555487e+00
   2.3583334e+00
   2.3568104e+00
   2.3564408e+00
   2.3580722e+00
   2.3552874e+00
   2.3555487e+00
   2.3647953e+00
   2.3564408e+00
   2.3577025e+00
   2.3561795e+00
   2.3543951e+00
   2.3561795e+00
   2.3574413e+00
   2.3564408e+00
   2.3559182e+00
   2.3587032e+00
   2.3555487e+00
   2.3564408e+00
   2.3607484e+00
   2.3546565e+00
   2.3708869e+00
   2.3527642e+00
   2.3555487e+00
   2.3564408e+00
   2.3549179e+00
   2.3602263e+00
   2.3561795e+00
   2.3721493e+00
   2.3583334e+00
   2.3598564e+00
   2.3335948e+00
   2.3568104e+00
   2.3555487e+00
   2.3396874e+00
   2.3552874e+00
   2.3565491e+00
   2.3568104e+00
   2.3561795e+00
   2.3857052e+00
   2.3533949e+00
   2.3561795e+00
   2.3580722e+00
   2.3559182e+00
   2.3565491e+00
   2.3561795e+00
   2.3561795e+00
   2.3561795e+00
   2.3436262e+00
   2.3552874e+00
   2.3507181e+00
   2.3568104e+00
   2.3421031e+00
   2.3617493e+00
   2.3810255e+00
   2.3611183e+00
   2.3561795e+00
   2.3583334e+00
   2.3565491e+00
   2.3561795e+00
   2.3372715e+00
   2.3509797e+00
   2.3571800e+00
   2.3585946e+00
   2.3550260e+00
   2.3559182e+00
   2.3561795e+00
   2.3561795e+00
   2.3724097e+00
   2.3561795e+00
   2.3561795e+00
   2.3561795e+00
   2.3561795e+00
   2.3595953e+00
   2.3381643e+00
   2.3543951e+00
   2.3580722e+00
   2.3782403e+00
   2.3561795e+00
   2.3555487e+00
   2.3568104e+00
   2.3540257e+00
   2.3568104e+00
   2.3466723e+00
   2.3565491e+00
   2.3561795e+00
   2.3568104e+00
   2.3533949e+00
   2.3531335e+00
   2.3464104e+00
   2.3561795e+00
   2.3241930e+00
   2.3561795e+00
   2.3550260e+00
   2.3684723e+00
   2.3564408e+00
   2.3561795e+00
   2.3357484e+00
   2.3561795e+00
   2.3448873e+00
   2.3559182e+00
   2.3565491e+00
   2.3561795e+00
   2.3561795e+00
   2.3568104e+00
   2.3555487e+00
   2.3568104e+00
   2.3580722e+00
   2.3559182e+00
   2.3564408e+00
   2.3570717e+00
   2.3561795e+00
   2.3561795e+00
   2.3561795e+00
   2.3561795e+00
   2.3561795e+00
   2.3571800e+00
   2.3626413e+00
   2.3565491e+00
   2.3617493e+00
   2.3561795e+00
   2.3446254e+00
   2.3556569e+00
   2.3555487e+00
   2.3500873e+00
   2.3577025e+00
   2.3540257e+00
   2.3561795e+00
   2.3559182e+00
   2.3561795e+00
   2.3561795e+00
   2.3543951e+00
   2.3559182e+00
   2.3561795e+00
   2.3311788e+00
   2.3559182e+00
   2.3549179e+00
   2.3561795e+00
   2.3550260e+00
   2.3559182e+00
   2.3320717e+00
   2.3559182e+00
   2.3546565e+00
   2.3561795e+00
   2.3555487e+00
   2.3561795e+00
   2.3537643e+00
   2.3568104e+00
   2.3561795e+00
   2.3559182e+00
   2.3561795e+00
   2.3259791e+00
   2.3512412e+00
   2.3543951e+00
   2.3574413e+00
   2.3574413e+00
   2.3564408e+00
   2.3577025e+00
   2.3564408e+00
   2.3561795e+00
   2.3564408e+00
   2.3559182e+00
   2.3571800e+00
   2.3568104e+00
   2.3561795e+00
   2.3561795e+00
   2.3561795e+00
   2.3589643e+00
   2.3528720e+00
   2.3577025e+00
   2.3561795e+00
   2.3561795e+00
   2.3767176e+00
   2.3561795e+00
   2.3561795e+00
   2.3549179e+00
   2.3635333e+00
   2.3626413e+00
   2.3559182e+00
   2.3518720e+00
   2.3522412e+00
   2.3577025e+00
   2.3494566e+00
   2.3561795e+00
   2.3574413e+00
   2.3555487e+00
   2.3098550e+00
   2.3822883e+00
   2.3561795e+00
   2.3561795e+00
   2.3564408e+00
   2.3431022e+00
   2.3500873e+00
   2.3708869e+00
   2.3561795e+00
   2.3561795e+00
   2.3565491e+00
   2.3561795e+00
   2.3561795e+00
   2.3559182e+00
   2.3559182e+00
   2.3543951e+00
   2.3561795e+00
   2.3546565e+00
   2.3564408e+00
   2.3559182e+00
   2.3568104e+00
   2.3559182e+00
   2.3561795e+00
   2.3555487e+00
   2.3559182e+00
   2.3561795e+00
   2.3565491e+00
   2.3561795e+00
   2.3561795e+00
   2.3561795e+00
   2.3561795e+00
   2.3556569e+00
   2.3559182e+00
   2.3561795e+00
   2.3516104e+00
   2.3561795e+00
   2.3574413e+00
   2.3797629e+00
   2.3549179e+00
   2.3749346e+00
   2.3543951e+00
   2.3829197e+00
   2.3561795e+00
   2.3561795e+00
   2.3592255e+00
   2.3660575e+00
   2.3734117e+00
   2.3862246e+00
   2.3585946e+00
   2.3559182e+00
   2.3535028e+00
   2.3552874e+00
   2.3540257e+00
   2.3561795e+00
   2.3561795e+00
   2.3543951e+00
   2.3853335e+00
   2.3540257e+00
   2.3565491e+00
   2.3561795e+00
   2.3570717e+00
   2.3519796e+00
   2.3446254e+00
   2.3577025e+00
   2.3647953e+00
   2.3561795e+00
   2.3561795e+00
   2.3457798e+00
   2.3555487e+00
   2.3546565e+00
   2.3498257e+00
   2.3608573e+00
   2.3522412e+00
   2.3552874e+00
   2.3571800e+00
   2.3736721e+00
   2.3561795e+00
   2.3047581e+00
   2.3561795e+00
   2.3561795e+00
   2.4029374e+00
   2.3561795e+00
   2.3580722e+00
   2.3561795e+00
   2.3525027e+00
   2.3561795e+00
   2.3561795e+00
   2.3663183e+00
   2.3559182e+00
   2.3498257e+00
   2.3715181e+00
   2.3561795e+00
   2.3561795e+00
   2.3527642e+00
   2.3561795e+00
   2.3574413e+00
   2.3543951e+00
   2.3537643e+00
   2.3559182e+00
   2.3561795e+00
   2.3552874e+00
   2.3550260e+00
   2.3559182e+00
   2.3672101e+00
   2.3059156e+00
   2.3565491e+00
   2.3559182e+00
   2.3561795e+00
   2.3543951e+00
   2.3577025e+00
   2.3561795e+00
   2.3574413e+00
   2.3561795e+00
   2.3561795e+00
   2.3537643e+00
   2.3552874e+00
   2.3561795e+00
   2.3540257e+00
   2.3550260e+00
   2.3568104e+00
   2.3561795e+00
   2.3561795e+00
   2.3556569e+00
   2.3598564e+00
   2.3587032e+00
   2.3556569e+00
   2.3561795e+00
   2.3546565e+00
   2.3712576e+00
   2.3552874e+00
   2.3561795e+00
   2.3565491e+00
   2.3561795e+00
   2.3561795e+00
   2.3543951e+00
   2.3565491e+00
   2.3552874e+00
   2.3607484e+00
   2.3561795e+00
   2.3583334e+00
   2.3387947e+00
   2.3583334e+00
   2.3568104e+00
   2.3561795e+00
   2.3583334e+00
   2.3595953e+00
   2.3708869e+00
   2.3611183e+00
   2.3561795e+00
   2.3550260e+00
   2.3568104e+00
   2.3592255e+00
   2.3568104e+00
   2.3552874e+00
   2.3565491e+00
   2.3564408e+00
   2.3565491e+00
   2.3577025e+00
   2.3583334e+00
   2.3418410e+00
   2.3561795e+00
   2.3574413e+00
   2.3564408e+00
   2.3546565e+00
   2.3535028e+00
   2.3739324e+00
   2.3574413e+00
   2.3565491e+00
   2.3587032e+00
   2.3712576e+00
   2.3647953e+00
   2.3561795e+00
   2.3549179e+00
   2.3592255e+00
   2.3751949e+00
   2.3570717e+00
   2.3561795e+00
   2.3585946e+00
   2.3561795e+00
   2.3503490e+00
   2.3559182e+00
   2.3559182e+00
   2.3602263e+00
   2.3577025e+00
   2.3555487e+00
   2.3550260e+00
   2.3549179e+00
   2.3608573e+00
   2.3564408e+00
   2.3611183e+00
   2.3561795e+00
   2.3546565e+00
   2.3565491e+00
   2.3626413e+00
   2.3587032e+00
   2.3559182e+00
   2.3561795e+00
   2.3565491e+00
   2.3602263e+00
   2.3555487e+00
   2.2844316e+00
   2.3587032e+00
   2.3678412e+00
   2.3580722e+00
   2.3561795e+00
   2.3568104e+00
   2.4039422e+00
   2.3550260e+00
   2.3561795e+00
   2.3561795e+00
   2.3583334e+00
   2.3561795e+00
   2.3561795e+00
   2.3571800e+00
   2.3476718e+00
   2.3641643e+00
   2.3561795e+00
   2.3568104e+00
   2.3577025e+00
   2.3543951e+00
   2.3561795e+00
   2.3663183e+00
   2.3559182e+00
   2.3555487e+00
   2.3494566e+00
   2.3385325e+00
   2.3568104e+00
   2.3570717e+00
   2.3561795e+00
   2.3561795e+00
   2.3773489e+00
   2.3266092e+00
   2.3561795e+00
   2.3561795e+00
   2.3559182e+00
   2.3587032e+00
   2.3552874e+00
   2.3561795e+00
   2.3555487e+00
   2.3559182e+00
   2.3561795e+00
   2.3409484e+00
   2.3570717e+00
   2.3561795e+00
   2.3519796e+00
   2.3568104e+00
   2.3561795e+00
   2.4029374e+00
   2.3561795e+00
   2.3589643e+00
   2.3598564e+00
   2.3577025e+00
   2.3556569e+00
   2.3561795e+00
   2.3555487e+00
   2.3561795e+00
   2.3543951e+00
   2.3570717e+00
   2.3466723e+00
   2.3570717e+00
   2.3546565e+00
   2.3555487e+00
   2.3533949e+00
   2.3564408e+00
   2.3568104e+00
   2.3568104e+00
   2.3564408e+00
   2.3577025e+00
   2.3561795e+00
   2.3507181e+00
   2.3561795e+00
   2.3552874e+00
   2.3552874e+00
   2.3565491e+00
   2.3616404e+00
   2.3455179e+00
   2.3561795e+00
   2.3561795e+00
   2.3580722e+00
   2.3540257e+00
   2.3568104e+00
   2.3604874e+00
   2.3561795e+00
   2.3561795e+00
   2.3531335e+00
   2.3589643e+00
   2.3421031e+00
   2.3561795e+00
   2.3561795e+00
   2.3589643e+00
   2.3555487e+00
   2.3565491e+00
   2.3543951e+00
   2.3561795e+00
   2.3561795e+00
   2.3535028e+00
   2.3503490e+00
   2.3561795e+00
   2.3543951e+00
   2.3559182e+00
   2.3467793e+00
   2.3602263e+00
   2.3537643e+00
   2.3555487e+00
   2.3552874e+00
   2.3561795e+00
   2.3620103e+00
   2.3561795e+00
   2.3561795e+00
   2.3290254e+00
   2.3561795e+00
   2.3570717e+00
   2.3561795e+00
   2.3580722e+00
   2.3552874e+00
   2.3831795e+00
   2.3749346e+00
   2.3488259e+00
   2.3559182e+00
   2.3577025e+00
   2.3533949e+00
   2.3561795e+00
   2.3580722e+00
   2.3561795e+00
   2.3561795e+00
   2.3559182e+00
   2.3587032e+00
   2.3543951e+00
   2.4439481e+00
   2.3552874e+00
   2.3568104e+00
   2.3565491e+00
   2.3498257e+00
   2.3570717e+00
   2.3561795e+00
   2.3598564e+00
   2.3564408e+00
   2.3543951e+00
   2.3561795e+00
   2.3565491e+00
   2.3522412e+00
   2.3583334e+00
   2.3564408e+00
   2.3565491e+00
   2.3559182e+00
   2.3571800e+00
