   3.0339459e+00
  -3.1299928e+00
  -3.1405927e+00
  -3.1365927e+00
   3.1365927e+00
  -3.1265929e+00
   3.1377927e+00
  -3.1353927e+00
   3.1337927e+00
   3.1387927e+00
   3.1359927e+00
   3.1373927e+00
   3.0811808e+00
   3.1387927e+00
   3.1383927e+00
   3.1377927e+00
  -3.1219933e+00
   3.1383927e+00
   3.1397927e+00
  -3.1081924e+00
   3.1361927e+00
  -3.1235931e+00
  -3.1317927e+00
   3.1263929e+00
  -3.1203913e+00
  -3.1061893e+00
  -3.0799813e+00
   3.0631701e+00
   3.1191914e+00
  -3.1367927e+00
   3.1307928e+00
   3.1363927e+00
  -3.1331927e+00
   3.1369927e+00
   3.1175914e+00
   3.1347927e+00
  -3.0729784e+00
   3.1191914e+00
  -3.1407927e+00
   3.0897887e+00
  -3.1381927e+00
  -3.1269929e+00
  -3.1373927e+00
   3.1251930e+00
   3.1303928e+00
  -3.1031897e+00
   3.1407927e+00
  -3.1357927e+00
   3.1169914e+00
  -3.1271929e+00
   3.1315927e+00
  -3.1349927e+00
   3.1325927e+00
   3.1339927e+00
   3.1061893e+00
  -3.1307928e+00
  -3.1347927e+00
   3.0929876e+00
   3.0833858e+00
   3.1075925e+00
  -3.1331927e+00
  -3.1363927e+00
   3.0759834e+00
  -3.1319927e+00
  -3.0961868e+00
  -3.1277929e+00
  -3.1339927e+00
   3.1201913e+00
   3.0899886e+00
   3.1195913e+00
   3.0897887e+00
   3.1293928e+00
   3.1347927e+00
   3.1283928e+00
  -3.0889890e+00
   3.0887891e+00
   3.1119919e+00
   3.1261930e+00
  -3.1219933e+00
   3.0963868e+00
   3.1031897e+00
  -3.1145916e+00
  -3.1351927e+00
  -3.0463599e+00
  -3.0601725e+00
  -3.1173914e+00
   3.1407927e+00
   3.1267929e+00
  -3.1359927e+00
   3.1089923e+00
  -3.1185914e+00
  -3.1331927e+00
  -3.1309928e+00
   3.1257930e+00
  -3.1287928e+00
  -3.1235931e+00
   3.1413927e+00
   3.1267929e+00
   3.1289928e+00
  -3.1293928e+00
  -3.1355927e+00
  -3.0615713e+00
  -3.1369927e+00
  -3.1397927e+00
  -3.1359927e+00
  -3.0038797e+00
  -3.1393927e+00
   3.1251930e+00
  -3.1373927e+00
  -3.1411927e+00
  -3.0082967e+00
   3.1303928e+00
   3.1179914e+00
  -3.1271929e+00
   3.1313927e+00
   3.1281929e+00
  -3.1347927e+00
  -3.0879840e+00
   3.1149916e+00
   3.1311927e+00
  -3.1085923e+00
   3.1397927e+00
   3.1287928e+00
  -3.1313927e+00
   3.1321927e+00
  -3.1303928e+00
  -3.1387927e+00
  -3.1167914e+00
   3.0677745e+00
  -3.1163915e+00
  -3.1355927e+00
   3.1367927e+00
   3.0863846e+00
  -3.1411927e+00
   3.1329927e+00
  -3.1137917e+00
  -3.0557681e+00
  -3.1125918e+00
   3.1355927e+00
   3.1409927e+00
  -3.1297928e+00
  -3.1369927e+00
   3.1329927e+00
   3.1005902e+00
  -3.1287928e+00
  -3.1413927e+00
   3.0817866e+00
   3.1345927e+00
   3.0969911e+00
   3.1381927e+00
   3.1299928e+00
   3.1397927e+00
  -3.1389927e+00
   3.1335927e+00
   3.1337927e+00
  -3.0953870e+00
   3.1229932e+00
   3.1377927e+00
  -3.1249930e+00
   3.1337927e+00
   3.1343927e+00
   3.1409927e+00
  -3.1259930e+00
  -3.0983907e+00
  -3.1241931e+00
  -3.1399927e+00
  -3.1319927e+00
  -3.1273929e+00
   3.1241931e+00
  -3.1345927e+00
   3.1175914e+00
   3.1261930e+00
  -3.1219933e+00
  -3.1377927e+00
   3.1401927e+00
   3.1221933e+00
   3.1289928e+00
  -3.0799813e+00
   3.1221933e+00
  -3.1369927e+00
   3.1393927e+00
  -3.1291928e+00
   3.1289928e+00
   3.1179914e+00
   3.1327927e+00
   3.1369927e+00
  -3.1411927e+00
