   2.8088218e+00
   2.8756486e+00
   2.9140530e+00
   2.8434901e+00
   2.7921715e+00
   2.7210942e+00
   2.5896914e+00
   3.0131839e+00
   2.8917626e+00
   2.7335528e+00
   2.6872351e+00
   2.5804925e+00
   2.6334558e+00
   2.6112934e+00
   2.8292487e+00
   3.0738756e+00
   3.0779199e+00
   3.1301161e+00
   2.9393145e+00
   2.6678590e+00
   2.9013308e+00
   3.0612308e+00
   2.6929788e+00
   2.9831688e+00
   2.9113729e+00
   2.7395182e+00
   2.7288979e+00
   2.5741877e+00
   2.7065108e+00
   2.6238989e+00
   2.8915793e+00
   2.9028742e+00
   2.8281848e+00
   2.7954627e+00
   2.9144202e+00
   3.0447996e+00
   2.7956447e+00
   2.6765166e+00
   2.5755239e+00
   3.1366532e+00
   2.7853505e+00
   2.7565048e+00
   3.0348360e+00
   2.5933448e+00
   2.5500926e+00
   2.9610195e+00
   2.5879266e+00
   2.8474140e+00
   2.9631881e+00
   2.6949979e+00
   2.8169935e+00
   3.0673258e+00
   2.9327463e+00
   2.7789490e+00
   2.9042249e+00
   2.9196582e+00
   2.5856822e+00
   2.5865909e+00
   2.8112775e+00
   2.8145680e+00
   2.6359521e+00
   2.8693085e+00
   2.8007255e+00
   3.0094265e+00
   2.5400365e+00
   2.9586736e+00
   3.0265824e+00
   2.5818508e+00
   2.7060753e+00
   3.1145156e+00
   2.6827956e+00
   3.0915578e+00
   2.5758264e+00
   2.7295532e+00
   2.6943081e+00
   2.7831652e+00
   2.6243230e+00
   2.6291943e+00
   3.0898506e+00
   2.8055617e+00
   2.9185674e+00
   3.1076076e+00
   2.8356167e+00
   2.6538069e+00
   2.8631875e+00
   2.7710357e+00
   2.8252600e+00
   2.9464421e+00
   2.8057439e+00
   2.8134628e+00
   2.9179404e+00
   2.5289701e+00
   3.0428329e+00
   2.8035457e+00
   2.8524677e+00
   3.1221302e+00
   2.6403925e+00
   2.5430337e+00
   2.9000783e+00
   2.7604657e+00
   2.9525665e+00
   2.5886048e+00
   2.8965579e+00
   2.5282898e+00
   3.0980984e+00
   2.9468861e+00
   2.6480048e+00
   2.5343874e+00
   2.7886094e+00
   2.6676794e+00
   2.7076023e+00
   2.8821716e+00
   2.8360576e+00
   2.9938610e+00
   3.0553940e+00
   3.1277008e+00
   2.8421392e+00
   2.8500400e+00
   3.0246015e+00
   2.9118160e+00
   2.7577932e+00
   2.6986897e+00
   2.6238249e+00
   3.0474091e+00
   2.9516608e+00
   2.9312124e+00
   2.6162318e+00
   2.7538675e+00
   2.6941280e+00
   2.8248951e+00
   2.8081996e+00
   2.6052674e+00
   2.6179770e+00
   3.0841996e+00
   3.0172340e+00
   2.8240141e+00
   2.8334316e+00
   2.9909940e+00
   2.9442730e+00
   2.7047469e+00
   2.5915800e+00
   2.6990020e+00
   2.7133876e+00
   2.9212008e+00
   2.5930932e+00
   2.6359521e+00
   2.5462617e+00
   3.1008825e+00
   2.6598146e+00
   2.7284234e+00
   2.5740103e+00
   2.8849808e+00
   2.5912784e+00
   2.7030231e+00
   2.6673820e+00
   3.0562853e+00
   2.6645270e+00
   2.5852533e+00
   2.9831688e+00
   2.8838891e+00
   2.6736614e+00
   2.9202852e+00
   2.8511435e+00
   2.9914388e+00
   2.9225309e+00
   2.6437436e+00
   2.9568798e+00
   2.8454279e+00
   2.7146761e+00
   2.6754084e+00
   2.7764929e+00
   2.9929576e+00
   2.5577550e+00
   2.8810939e+00
   2.7543053e+00
   2.6665713e+00
   2.9427392e+00
   2.6774274e+00
   3.0729777e+00
   3.0898506e+00
   2.9963967e+00
   2.8753896e+00
   3.0371754e+00
   2.7169505e+00
   2.8410743e+00
   2.8804443e+00
   2.8150081e+00
   2.8310050e+00
   2.5400365e+00
   2.8360576e+00
   2.8174636e+00
   2.6703547e+00
   2.9325433e+00
   2.7224801e+00
   2.6818674e+00
   2.7554124e+00
   2.9931419e+00
   2.9842424e+00
   2.9009640e+00
   3.0324143e+00
   2.8270167e+00
   2.5577550e+00
   2.7359553e+00
   2.5683412e+00
   2.6650041e+00
   2.6765166e+00
   3.0642818e+00
   2.8200258e+00
   2.7824225e+00
   3.0452452e+00
   2.9275089e+00
   2.9433852e+00
