   5.7007751e-01
   3.1385442e-02
   3.8094559e-01
   4.6618423e-01
   5.3746160e-01
   6.0173259e-01
   5.9356745e-01
   1.2975610e-01
   6.0238986e-01
   4.7908440e-01
   2.5092160e-01
   2.6184990e-02
   2.1734385e-01
   2.5371707e-01
   5.2361569e-01
   4.2269808e-01
   1.3235047e-01
   3.7757869e-01
   2.9019064e-01
   5.4557410e-01
   2.3935391e-01
   6.1121211e-01
   4.5326671e-01
   3.0970620e-01
   5.9722181e-01
   1.3216612e-01
   5.9449701e-01
   4.5459646e-01
   3.1322530e-01
   5.8318032e-01
   5.2818576e-02
   2.2842604e-01
   2.0777524e-01
   7.1923028e-02
   2.1426742e-01
   1.8642041e-01
   4.0849214e-01
   2.2062318e-02
   9.8498814e-02
   4.2067919e-01
   5.8766891e-01
   4.0831120e-01
   6.4303304e-02
   1.5403253e-01
   2.9264498e-01
   6.1519897e-02
   1.9596226e-01
   4.6441958e-01
   5.5908448e-01
   3.0488345e-01
   1.1546621e-01
   1.4412188e-01
   5.7617492e-01
   5.8250099e-01
   1.9577836e-01
   5.5633936e-01
   4.1849551e-01
   5.4283001e-01
   4.5215864e-01
   2.1319660e-01
   4.8980432e-01
   7.8386963e-02
   6.0266210e-01
   3.2831211e-01
   9.5978344e-02
   1.1411957e-01
   2.5436627e-01
   3.0468920e-01
   5.2092117e-01
   4.3662531e-01
   1.1869597e-01
   7.1661832e-02
   2.5293036e-02
   1.0584529e-02
   7.1477194e-02
   4.9868503e-01
   5.5908448e-01
   4.5154382e-01
   3.2094411e-01
   5.9308686e-01
   3.1568056e-01
   1.2738423e-02
   5.1926806e-02
   1.3815364e-02
   5.9742092e-01
   5.1635994e-01
   1.0460176e-01
   5.8731518e-01
   2.1236596e-01
   2.3565005e-01
   4.1362157e-01
   5.8654267e-02
   8.2252930e-02
   6.0654794e-01
   8.3774595e-02
   1.0399644e-02
   1.9361681e-01
   1.1546621e-01
   3.8754379e-01
   4.5392295e-01
   3.9834549e-01
   3.7033891e-02
   1.0434087e-01
   3.2068613e-01
   9.5083469e-02
   9.3999014e-02
   2.9810256e-01
   1.4080971e-01
   1.2219279e-01
   1.7994487e-01
   4.9583062e-01
   9.6608459e-02
   3.8570704e-01
   3.1032951e-01
   2.5661184e-01
   5.1459490e-01
   5.9273344e-01
   4.7196887e-01
   2.0451571e-01
   7.0770257e-02
   1.6491632e-02
   4.0036405e-01
   9.0510594e-02
   7.4075423e-02
   5.9449701e-01
   3.9412749e-01
   5.2445135e-01
   3.6242856e-01
   4.6305707e-01
   1.2633556e-01
   3.5535057e-01
   1.7731545e-01
   9.7054050e-02
   4.8889395e-01
   3.5780665e-01
   5.8842167e-01
   3.4942116e-01
   1.8831534e-02
   1.5257612e-01
   5.5031430e-01
   5.7027636e-01
   2.0169954e-02
   3.5957098e-02
   4.9358781e-01
   5.3589506e-01
   4.2048287e-02
   1.2498828e-01
   6.7347658e-02
   2.7055659e-01
   1.6491546e-01
   1.7120776e-01
   1.9381859e-01
   4.4546270e-01
   5.2646872e-01
   1.3603645e-01
   3.4894978e-01
   1.4691261e-01
   3.0816106e-01
   1.0399644e-02
   3.4923920e-01
   2.8674645e-01
   6.0538695e-01
   4.1251392e-01
   5.2470373e-01
   1.7382060e-01
   3.2831211e-01
   3.7977800e-01
   1.4889568e-01
   3.9585334e-01
   5.2712591e-01
   4.3684573e-01
   2.9199395e-01
   3.7648623e-01
   5.6990019e-01
   5.9608385e-01
   4.9109172e-01
   4.9850596e-01
   3.7212203e-01
   5.7184178e-01
   3.2767722e-01
   5.3430826e-01
   3.5798849e-01
   5.1124357e-01
   6.7086540e-02
   4.9404288e-02
   6.0813472e-01
   5.9772505e-01
   4.5770634e-01
   1.3890356e-01
   4.7865104e-01
   3.9456491e-01
   3.1213274e-01
   4.4417443e-01
   5.2127824e-01
