   1.1829224e-01
   2.0081350e-02
   5.3177449e-02
   2.5456075e-03
  -2.9983609e-02
  -3.9033233e-02
  -4.8653577e-02
  -2.8284542e-04
   7.6367894e-03
   3.1963332e-02
   3.6769864e-03
   6.7895231e-02
   2.3757898e-02
  -7.3539479e-03
  -5.8274392e-02
  -5.3740501e-03
   6.5054218e-03
  -1.4142269e-03
   6.5351007e-02
  -1.8950076e-02
   1.1879368e-02
   5.0067343e-02
  -5.6569083e-04
   5.0912067e-03
  -1.7253143e-02
   4.8083630e-03
   1.3576372e-02
  -7.6367894e-03
   4.5255191e-03
  -1.9799173e-03
   5.6569083e-04
  -4.2426750e-03
   2.5456075e-03
  -8.1766162e-02
  -5.7991665e-02
  -1.3576372e-02
  -5.3740501e-03
   1.4142269e-03
   6.4785595e-02
  -3.5922586e-02
   1.6989952e-01
   5.7991665e-02
  -7.3539479e-03
  -5.6569083e-04
  -3.9881559e-02
   4.8083630e-03
   8.4853118e-03
   5.0915579e-02
  -1.2000313e-01
  -8.4853622e-04
   4.2426750e-03
  -9.0509918e-03
   6.8177909e-02
   8.4853118e-03
   7.9196305e-03
  -7.9787794e-02
   4.8088057e-02
  -7.0711062e-03
  -3.9033233e-02
  -7.9196305e-03
   8.1766162e-02
   9.8995090e-03
  -1.2162203e-02
   7.3539479e-03
   5.3740501e-03
  -3.9598308e-03
  -5.9397365e-03
   5.6569083e-04
   3.8750454e-02
  -3.3941418e-03
   9.6166703e-03
  -0.0000000e+00
  -8.2024713e-03
  -5.6568934e-03
  -1.1879368e-02
  -2.6023991e-02
  -1.3010706e-02
  -2.9417963e-02
  -4.7805295e-02
   2.0646983e-02
   3.9598308e-03
   1.6970318e-02
  -4.7805295e-02
   5.3740501e-03
  -1.2727872e-02
  -5.9687989e-02
   7.9196305e-03
  -2.8284524e-03
  -1.1030860e-02
   1.3576372e-02
   3.1963332e-02
  -8.4853622e-04
   5.9397365e-03
   5.3740501e-03
  -5.9397365e-03
   1.1596532e-02
  -9.3338313e-03
  -8.4853118e-03
   2.5456075e-03
   5.1198320e-02
  -3.6769864e-03
  -6.4785595e-02
  -7.9196305e-03
  -1.0017104e-01
   5.0912067e-03
   1.9799173e-03
  -1.3859204e-02
   3.2246145e-02
   5.0912067e-03
  -1.7818790e-02
  -2.0929797e-02
  -2.8284524e-03
   5.7708936e-02
  -1.6970721e-03
   1.0182347e-02
  -1.1518626e-01
  -2.4606310e-02
  -3.7053751e-02
  -2.8284542e-04
  -1.5273356e-02
  -4.1578168e-02
   1.3501776e-01
  -1.2445038e-02
   2.8284524e-03
   8.4853622e-04
   4.1578168e-02
   1.4267539e-01
   7.6385142e-02
   2.6589664e-02
  -9.0509918e-03
   2.4040703e-02
   3.9598308e-03
  -1.4990527e-02
   6.5351007e-02
  -1.7253143e-02
  -1.1008699e-01
  -1.1030860e-02
   8.6864931e-02
   7.9196305e-03
  -7.2145311e-02
  -1.3274125e-01
   1.1030860e-02
  -8.4853622e-04
   4.5255191e-03
  -7.2710660e-02
  -1.6970721e-03
   9.3338313e-03
   1.9799173e-03
   9.3338313e-03
  -9.3338313e-03
  -2.6023991e-02
  -5.1763796e-02
   3.9598308e-03
   7.0711062e-03
  -2.2627624e-03
   1.4424867e-02
  -1.2162203e-02
   9.8995090e-03
   7.3539479e-03
  -3.4508598e-02
  -2.5458314e-02
   7.3841324e-02
  -6.5916408e-02
   9.6767121e-02
   5.7426205e-02
   4.3846419e-02
  -4.5255191e-03
  -4.2426750e-03
  -7.9196305e-03
  -1.8667256e-02
   1.1313816e-03
  -2.9983609e-02
  -2.7720997e-02
  -1.5543100e-01
  -5.8557116e-02
   3.9598308e-03
  -1.0465185e-02
  -1.8950076e-02
   5.3740501e-03
   3.1397703e-02
   2.1495425e-02
  -7.6667773e-02
  -1.7253143e-02
   7.3539479e-03
   9.8995090e-03
  -5.6569083e-04
  -1.8467432e-01
   7.9211317e-02
   5.6568934e-03
   1.1879368e-02
  -6.7882641e-03
   9.6166703e-03
   1.0442278e-01
  -3.9316010e-02
