  -1.2792178e+00
   2.1853439e+00
  -2.4497541e-01
   1.9759898e+00
   1.2343375e+00
  -3.0382629e+00
   2.8254814e+00
   3.0258863e+00
   1.4704597e+00
   2.8965591e+00
   5.6490719e-01
  -1.0184487e+00
   5.1374949e-01
  -8.0497919e-01
   1.7819270e+00
  -1.3405227e+00
  -1.9830588e+00
  -1.7249329e+00
   8.2899759e-01
   1.5399964e+00
  -2.9044365e+00
  -8.9209793e-01
  -1.6698906e+00
   2.5318729e+00
  -2.9078758e+00
   1.7256459e+00
   2.3764075e+00
  -1.1091290e+00
  -1.7394059e-01
   1.1596717e+00
  -2.8316851e+00
   2.4602557e+00
  -5.0293403e-01
  -1.3987889e-02
   2.1572215e+00
  -7.5882552e-01
  -2.8522246e+00
   2.3116058e+00
   2.3736365e+00
   2.8567420e+00
   3.2491380e-01
  -1.4142495e+00
   1.1971181e+00
   1.9248813e+00
  -1.4913000e+00
   1.0441540e+00
  -8.5171189e-01
   1.7116428e+00
   2.5647426e-01
   2.7649681e+00
   2.5671849e+00
   1.8949055e+00
  -2.2678131e+00
  -2.0240332e+00
  -2.9393012e+00
   2.4523970e+00
   1.8757070e+00
  -2.7142309e+00
  -3.0478408e+00
  -3.1580997e-01
   1.5167920e+00
   3.0133169e+00
   1.0932105e+00
  -2.0342876e+00
  -2.6216659e+00
  -2.0148528e+00
  -1.5040844e+00
  -3.0410268e+00
  -1.1601651e+00
   4.6549219e-01
   2.9296835e+00
   3.0420223e+00
   3.9053221e-01
   2.1982273e+00
   6.4587008e-01
   1.2727280e+00
  -5.2078989e-01
   1.6687278e+00
   2.2881431e+00
   1.8679326e+00
   4.9893877e-01
  -6.9478750e-01
   1.1895662e+00
   1.7894201e+00
  -2.7169083e+00
  -1.4145011e+00
  -1.9867646e+00
   1.5190109e+00
  -2.9168071e+00
  -1.1542541e+00
   2.3666043e+00
  -2.7136607e+00
   1.1286132e+00
  -2.0596511e+00
   2.1266046e+00
   1.0848135e+00
