   1.0959539e+00
   8.0776203e-01
   4.9694853e-01
  -2.1260471e+00
   9.4290074e-02
   7.7085894e-01
  -7.1751634e-01
  -2.9328157e+00
  -8.4870068e-01
  -5.0343954e-01
  -2.8650337e+00
   5.9888817e-01
  -2.1393982e+00
  -2.1985904e+00
  -1.0902273e+00
  -2.8150638e+00
  -2.4895274e+00
   2.2176703e+00
   2.4350966e-01
  -2.2530689e+00
  -9.9737191e-01
   2.5378326e+00
   1.4752643e-01
  -2.7848529e+00
   9.7415057e-01
   4.7242101e-01
   7.0484924e-02
  -2.1072514e+00
   3.0369007e+00
   3.7132858e-01
   2.3478779e+00
  -4.5000138e-01
  -8.8862919e-01
  -2.3721413e+00
  -4.6385266e-01
  -4.5518566e-01
   1.9592134e+00
  -3.2886771e-01
  -1.3731113e+00
   1.7813181e+00
  -2.6433072e+00
   1.1110152e+00
  -1.1080120e+00
   2.2947076e+00
  -2.3449639e-01
  -8.8129619e-01
  -2.4208493e+00
  -1.2942484e+00
  -2.1695779e+00
   2.4172722e+00
  -1.2750834e-01
  -2.1519976e+00
  -2.8403462e+00
  -2.9380270e+00
  -1.3798383e+00
  -1.6715504e+00
  -9.7540899e-01
  -4.1263093e-01
   1.4181633e+00
   6.9952178e-01
   8.9252496e-01
   5.0171650e-01
  -1.2346489e+00
  -3.9565293e-01
   1.3780555e+00
  -3.0275127e+00
  -2.2383039e+00
   9.8767484e-01
   1.3266314e+00
  -6.5720900e-01
   1.9657761e+00
  -1.0372082e+00
  -2.8685152e+00
   2.7925888e+00
  -2.6919484e+00
   9.3772755e-01
  -8.1665243e-01
   2.9250680e+00
   7.8776696e-01
  -2.1748883e+00
  -2.6466349e+00
  -2.6746828e+00
   2.5725343e+00
