   2.0348088e+00
   2.3453671e+00
   2.6427596e+00
  -1.0263970e+00
   3.0307111e+00
   2.3794701e+00
  -2.4663307e+00
  -2.1168563e-01
  -2.2670123e+00
  -2.6283123e+00
  -2.7218135e-01
   2.5564662e+00
  -9.8553220e-01
  -9.5297206e-01
  -2.0452750e+00
  -3.2524701e-01
  -5.7509902e-01
   9.0814975e-01
   2.8937874e+00
  -8.1370980e-01
  -2.1536290e+00
   5.6623454e-01
   3.0044053e+00
  -4.0259146e-01
   2.1597225e+00
   2.6618620e+00
   3.0121538e+00
  -1.0350279e+00
   1.1574330e-01
   2.7700441e+00
   8.0732358e-01
  -2.6681809e+00
  -2.2369681e+00
  -7.6660339e-01
  -2.6818159e+00
  -2.6944051e+00
   1.1704405e+00
  -2.8149785e+00
  -1.7681237e+00
   1.3705250e+00
  -5.2827053e-01
   2.0161109e+00
  -2.0412621e+00
   8.5769202e-01
  -2.8173901e+00
  -2.3486217e+00
  -6.9140090e-01
  -1.8463325e+00
  -1.0547089e+00
   7.2964508e-01
  -3.0239336e+00
  -9.8915716e-01
  -2.9206246e-01
  -2.0598844e-01
  -1.7660191e+00
  -1.4717173e+00
  -2.1662953e+00
  -2.7274553e+00
   1.7202241e+00
   2.4872360e+00
   2.3249007e+00
   2.6254784e+00
  -1.9186326e+00
  -2.8063370e+00
   1.7713533e+00
  -1.3896720e-01
  -8.7380759e-01
   2.1533688e+00
   1.7192388e+00
  -2.4710747e+00
   1.1738882e+00
  -2.1103222e+00
  -2.7707928e-01
   3.4294420e-01
  -4.3926511e-01
   2.1943135e+00
  -2.3220961e+00
   2.0627976e-01
   2.4054742e+00
  -9.7843637e-01
  -5.0295863e-01
  -4.7586184e-01
   5.6761326e-01
