  -1.2354544e+00
   2.1856395e+00
  -2.4942329e-01
   2.0052830e+00
   1.2223281e+00
  -3.0277444e+00
   2.7791887e+00
   3.0326874e+00
   1.4700107e+00
   2.8887282e+00
   5.6721466e-01
  -1.0196384e+00
   5.0725307e-01
  -8.2068491e-01
   1.7813266e+00
  -1.3412672e+00
  -1.9884562e+00
  -1.7168662e+00
   8.1786316e-01
   1.5059544e+00
  -2.9310872e+00
  -8.8248726e-01
  -1.6816831e+00
   2.5432885e+00
  -2.8940863e+00
   1.7290392e+00
   2.3721694e+00
  -1.1659377e+00
  -1.6325324e-01
   1.1682659e+00
  -2.8305009e+00
   2.4542282e+00
  -5.1258912e-01
  -7.9976205e-03
   2.1430701e+00
  -7.5054497e-01
  -2.8911209e+00
   2.3158108e+00
   2.3757068e+00
   2.8566684e+00
   3.3828707e-01
  -1.4545983e+00
   1.1912903e+00
   1.9301269e+00
  -1.5420527e+00
   1.0180143e+00
  -8.3400094e-01
   1.6475639e+00
   2.6915050e-01
   2.8326426e+00
   2.5797079e+00
   1.8859065e+00
  -2.2728276e+00
  -2.0564614e+00
  -2.9528460e+00
   2.4775283e+00
   1.8851552e+00
  -2.7198277e+00
  -3.0489710e+00
  -3.2870895e-01
   1.5029694e+00
   3.0017902e+00
   1.0922947e+00
  -2.1024053e+00
  -2.6119579e+00
  -2.0156532e+00
  -1.5608234e+00
  -3.0250742e+00
  -1.1487173e+00
   4.6520683e-01
   2.9253157e+00
   3.0270273e+00
   3.0985142e-01
   2.2025919e+00
   6.4170716e-01
   1.2361537e+00
  -5.1508913e-01
   1.6669072e+00
   2.2817440e+00
   1.8563595e+00
   4.9978691e-01
  -7.1026855e-01
   1.1778923e+00
   1.7826565e+00
  -2.7632972e+00
  -1.4186488e+00
  -1.9893714e+00
   1.5199501e+00
  -2.8774695e+00
  -1.1412180e+00
   2.4273247e+00
  -2.7100750e+00
   1.1336161e+00
  -2.0726181e+00
   2.1204338e+00
   1.0820338e+00
