i = 1


bing.V =

     0     0     0
     0     1     0
     1     0     0
     0     0     1


bing.F =

 -900.0000 -900.0000   -0.0000


i = 2


bing.V =

   -0.7071    0.0000    0.0000
         0   -0.7071   -0.7071
    0.7071         0         0
         0   -0.7071    0.7071


bing.F =

 -900.0000 -900.0000   -0.0000


i = 3


bing.V =

   -0.7071   -0.0000   -0.0000
         0    0.7071    0.7071
   -0.7071         0         0
         0   -0.7071    0.7071


bing.F =

 -900.0000 -900.0000   -0.0000


i = 4


bing.V =

     1     0     0
     0     1     0
     0     0     1
     0     0     0


bing.F =

 -900.0000 -900.0000   -0.0000


i = 5


bing.V =

   -0.7071         0         0
    0.0000    0.7071   -0.7071
         0   -0.7071   -0.7071
    0.7071         0         0


bing.F =

 -900.0000 -900.0000   -0.0000


i = 6


bing.V =

    0.7071         0         0
   -0.0000    0.7071   -0.7071
         0    0.7071    0.7071
    0.7071         0         0


bing.F =

 -900.0000 -900.0000   -0.0000